mse: 0.34813380241394043
mae: 0.37984439730644226
