mse: 0.5378931164741516
mae: 0.4927219748497009
