mse: 0.4434124529361725
nan_count: 0
mae: 0.4339902997016907
nan_count: 0
