mse: 0.43823063373565674
nan_count: 0
mae: 0.4317696690559387
nan_count: 0
