mse: 0.4365900754928589
nan_count: 0
mae: 0.4298449754714966
nan_count: 0
