mse: 0.7526265382766724
mae: 0.6028913855552673
