mse: 0.8858928680419922
mae: 0.6768830418586731
