mse: 0.7551766037940979
mae: 0.6029336452484131
