mse: 0.7736952304840088
mae: 0.6132552027702332
