mse: 0.7564507722854614
mae: 0.6027525663375854
