mse: 0.7906982898712158
mae: 0.6254087090492249
