mse: 0.7496616244316101
mae: 0.5999333262443542
