mse: 0.7525314092636108
mae: 0.6028082966804504
