mse: 0.7503183484077454
mae: 0.5998527407646179
