mse: 0.7525485754013062
mae: 0.6028267741203308
