mse: 0.9466225504875183
mae: 0.7135074734687805
