mse: 0.8997763395309448
mae: 0.6902878284454346
