mse: 0.7525736093521118
mae: 0.602817952632904
