mse: 0.7495638728141785
mae: 0.5993239879608154
