mse: 0.7525861263275146
mae: 0.6028457283973694
