mse: 0.752629816532135
mae: 0.6027945280075073
