mse: 0.7494229078292847
mae: 0.5993937849998474
