mse: 0.7757628560066223
mae: 0.6175256371498108
