mse: 0.7526853084564209
mae: 0.6029313206672668
