mse: 0.7526713609695435
mae: 0.6028249859809875
