mse: 0.7556793093681335
mae: 0.6021209359169006
