mse: 0.750478208065033
mae: 0.6003811955451965
