mse: 0.752494752407074
mae: 0.6027697920799255
