mse: 0.7479008436203003
mae: 0.5973108410835266
