mse: 0.77401202917099
mae: 0.6154009103775024
