mse: 0.7524212002754211
mae: 0.6027156114578247
