mse: 0.7767046093940735
mae: 0.6174941658973694
