mse: 0.7598323822021484
mae: 0.604719340801239
