mse: 0.7492266297340393
mae: 0.5994823575019836
