mse: 0.7502488493919373
mae: 0.6007232069969177
