mse: 0.7507811188697815
mae: 0.599915623664856
