mse: 0.7524048089981079
mae: 0.6027059555053711
