mse: 0.7525479197502136
mae: 0.6028069257736206
