mse: 0.7523987889289856
mae: 0.6026278138160706
