mse: 0.7541120648384094
mae: 0.601593017578125
