mse: 0.7504070401191711
mae: 0.5999849438667297
