mse: 0.7526334524154663
mae: 0.6028617024421692
