mse: 0.7543190717697144
mae: 0.6017411351203918
