mse: 0.7562655210494995
mae: 0.6032701730728149
