mse: 0.7475120425224304
mae: 0.5974768400192261
