mse: 0.7612247467041016
mae: 0.6067060232162476
