mse: 0.7565271854400635
mae: 0.603641152381897
