mse: 0.7750018239021301
mae: 0.6163427233695984
