mse: 0.7590612769126892
mae: 0.604048490524292
