mse: 0.7502061128616333
mae: 0.6000901460647583
