mse: 0.7525169849395752
mae: 0.60279780626297
