mse: 0.7476359605789185
mae: 0.5971325039863586
