mse: 0.7500061988830566
mae: 0.6005826592445374
