mse: 0.7718927264213562
mae: 0.6138162612915039
