mse: 0.7524195313453674
mae: 0.6027202010154724
