mse: 0.7526119351387024
mae: 0.6027900576591492
