mse: 0.752619206905365
mae: 0.6028827428817749
