mse: 0.7526031732559204
mae: 0.6028416156768799
