mse: 0.7542381286621094
mae: 0.6030135154724121
