mse: 0.750921905040741
mae: 0.6003909111022949
