mse: 0.7747772932052612
mae: 0.6159041523933411
