mse: 0.7493544816970825
mae: 0.5994707345962524
