mse: 0.7479841709136963
mae: 0.5978997349739075
