mse: 0.7802858352661133
mae: 0.6179917454719543
