mse: 0.7496345043182373
mae: 0.5996001362800598
