mse: 0.7526339888572693
mae: 0.602881669998169
