mse: 0.790057897567749
mae: 0.6249908208847046
