mse: 0.8287639617919922
mae: 0.6506373882293701
