mse: 0.7525174617767334
mae: 0.6027833819389343
