mse: 0.7493584156036377
mae: 0.5996352434158325
