mse: 0.7526407241821289
mae: 0.6029028296470642
