mse: 0.7526075839996338
mae: 0.6028463244438171
