mse: 0.7476813793182373
mae: 0.5975823402404785
