mse: 0.7524210214614868
mae: 0.602708101272583
