mse: 0.7524064183235168
mae: 0.6026208400726318
