mse: 0.7519322037696838
mae: 0.6012359857559204
