mse: 0.7526494264602661
mae: 0.6028887033462524
