mse: 0.7492101192474365
mae: 0.5984048247337341
