mse: 0.7907439470291138
mae: 0.6247931718826294
