mse: 0.7525071501731873
mae: 0.6027908325195312
