mse: 0.7526116967201233
mae: 0.6028624773025513
