mse: 0.7526130080223083
mae: 0.6028831005096436
