mse: 0.750791072845459
mae: 0.6004707217216492
