mse: 0.7494494318962097
mae: 0.5996579527854919
