mse: 0.752595067024231
mae: 0.6028532385826111
