mse: 0.752596378326416
mae: 0.6028498411178589
