mse: 0.7501642107963562
mae: 0.6004316210746765
