mse: 0.7497250437736511
mae: 0.5994183421134949
