mse: 0.7606877684593201
mae: 0.6077795028686523
