mse: 0.7485469579696655
mae: 0.59788978099823
