mse: 0.8464341759681702
mae: 0.6605801582336426
