mse: 0.7526331543922424
mae: 0.6028941869735718
