mse: 0.7707861065864563
mae: 0.6127899885177612
