mse: 0.7523967027664185
mae: 0.6026203036308289
