mse: 0.7524973750114441
mae: 0.6018230319023132
