mse: 0.7632607817649841
mae: 0.6067918539047241
