mse: 0.7489917874336243
mae: 0.5985562205314636
