mse: 0.8800013661384583
mae: 0.6798037886619568
