mse: 0.7501603364944458
mae: 0.6002450585365295
