mse: 0.749420702457428
mae: 0.599790096282959
