mse: 0.7533139586448669
mae: 0.6038699150085449
