mse: 0.8745628595352173
mae: 0.6760838627815247
