mse: 0.7526347041130066
mae: 0.602862536907196
