mse: 0.7523790597915649
mae: 0.6026911735534668
