mse: 0.7526592016220093
mae: 0.602881133556366
