mse: 0.7526497840881348
mae: 0.6027979254722595
