mse: 0.7543569803237915
mae: 0.6025600433349609
