mse: 0.7528530359268188
mae: 0.6016499996185303
