mse: 0.7523950338363647
mae: 0.6026152968406677
