mse: 0.7526154518127441
mae: 0.6028533577919006
