mse: 0.7509670257568359
mae: 0.6007447242736816
