mse: 0.7522579431533813
mae: 0.6007816791534424
