mse: 0.7491579055786133
mae: 0.5993140339851379
