mse: 0.7496455311775208
mae: 0.5998481512069702
