mse: 0.8716902136802673
mae: 0.6750227808952332
