mse: 0.7521367073059082
mae: 0.6015803813934326
