mse: 0.7525647282600403
mae: 0.6028289198875427
