mse: 0.7495726943016052
mae: 0.5996198058128357
