mse: 0.7525301575660706
mae: 0.6027932167053223
