mse: 0.7526395320892334
mae: 0.6028164029121399
