mse: 0.7727723717689514
mae: 0.6154670715332031
