mse: 0.752545952796936
mae: 0.6027946472167969
