mse: 0.7514484524726868
mae: 0.5993481278419495
