mse: 0.7526408433914185
mae: 0.602900505065918
