mse: 0.7525865435600281
mae: 0.6028304696083069
