mse: 0.7495477199554443
mae: 0.5998811721801758
