mse: 0.7526791095733643
mae: 0.602848470211029
