mse: 0.7491715550422668
mae: 0.599568784236908
