mse: 0.7524018287658691
mae: 0.602619469165802
