mse: 0.752406120300293
mae: 0.602718710899353
