mse: 0.7498260140419006
mae: 0.6000643372535706
