mse: 0.7525482177734375
mae: 0.6028068661689758
