mse: 0.7913570404052734
mae: 0.6251682639122009
