mse: 0.7472025156021118
mae: 0.5971795916557312
