mse: 0.7877840399742126
mae: 0.6224604845046997
