mse: 0.766393780708313
mae: 0.6091461181640625
