mse: 0.7525601983070374
mae: 0.6028299331665039
