mse: 0.752541720867157
mae: 0.602814257144928
