mse: 0.7711969614028931
mae: 0.6137266755104065
