mse: 0.7501969337463379
mae: 0.600220263004303
