mse: 0.7526600956916809
mae: 0.6029176712036133
