mse: 0.747718334197998
mae: 0.5972157120704651
