mse: 0.7525823712348938
mae: 0.6028271317481995
