mse: 0.7524014115333557
mae: 0.602618932723999
