mse: 0.749811589717865
mae: 0.599916398525238
