mse: 0.7489725947380066
mae: 0.599524199962616
