mse: 0.7514641880989075
mae: 0.5992817878723145
