mse: 0.7497153878211975
mae: 0.5997409224510193
