mse: 0.7498971223831177
mae: 0.6000586748123169
