mse: 0.7525807619094849
mae: 0.6028422713279724
