mse: 0.7483410239219666
mae: 0.5987678170204163
