mse: 0.8865200877189636
mae: 0.683167576789856
