mse: 0.7503724098205566
mae: 0.6009548902511597
