mse: 0.7509275674819946
mae: 0.6002984642982483
