mse: 0.7592201232910156
mae: 0.6060961484909058
