mse: 0.7492465376853943
mae: 0.5983482599258423
