mse: 0.7528125643730164
mae: 0.6013636589050293
