mse: 0.7500550746917725
mae: 0.600175142288208
