mse: 0.7495009303092957
mae: 0.5997664332389832
