mse: 0.7525136470794678
mae: 0.6027823090553284
