mse: 0.7525674104690552
mae: 0.6028280854225159
