mse: 0.7526342868804932
mae: 0.6028132438659668
