mse: 0.7513487935066223
mae: 0.6005403399467468
