mse: 0.7525940537452698
mae: 0.6028338670730591
