mse: 0.752568781375885
mae: 0.6028140187263489
