mse: 0.7526524066925049
mae: 0.6028830409049988
