mse: 0.7525370121002197
mae: 0.6028088927268982
