mse: 0.9109691977500916
mae: 0.6944202780723572
