mse: 0.7479166984558105
mae: 0.5978196859359741
