mse: 0.7536819577217102
mae: 0.6015741229057312
