mse: 0.7488375306129456
mae: 0.5983138084411621
