mse: 0.7497276663780212
mae: 0.5998405814170837
