mse: 0.7526097297668457
mae: 0.6027666926383972
