mse: 0.7560820579528809
mae: 0.6030197739601135
