mse: 0.7526146769523621
mae: 0.6027963161468506
