mse: 0.749491810798645
mae: 0.5994635820388794
