mse: 0.7626821398735046
mae: 0.6073365807533264
