mse: 0.7530116438865662
mae: 0.6012399792671204
