mse: 0.7526038885116577
mae: 0.6027368307113647
