mse: 0.7526239156723022
mae: 0.6027951240539551
