mse: 0.749068558216095
mae: 0.5992391705513
