mse: 0.970320999622345
mae: 0.7262524366378784
