mse: 0.7526261210441589
mae: 0.6028070449829102
