mse: 0.7526106238365173
mae: 0.602863073348999
