mse: 0.7525748014450073
mae: 0.6027495861053467
