mse: 0.7509178519248962
mae: 0.5991936922073364
