mse: 0.7525396347045898
mae: 0.6028079390525818
