mse: 0.7726259827613831
mae: 0.613084077835083
