mse: 0.7530704140663147
mae: 0.6009140014648438
