mse: 0.752601146697998
mae: 0.6028438210487366
