mse: 0.7496813535690308
mae: 0.5990917086601257
