mse: 0.7594515085220337
mae: 0.6044703125953674
