mse: 0.7474492788314819
mae: 0.5975282788276672
