mse: 0.7526238560676575
mae: 0.6028065085411072
