mse: 0.886252224445343
mae: 0.6822903156280518
