mse: 0.7554218173027039
mae: 0.6030580401420593
