mse: 0.7525410056114197
mae: 0.6027989387512207
