mse: 0.7503222823143005
mae: 0.5994977355003357
