mse: 0.7526606917381287
mae: 0.6029118895530701
