mse: 0.7517902851104736
mae: 0.6003471612930298
