mse: 0.7502938508987427
mae: 0.5988345146179199
