mse: 0.7512593269348145
mae: 0.5991973280906677
