mse: 0.7632546424865723
mae: 0.6082906126976013
