mse: 0.7529844045639038
mae: 0.6011517643928528
