mse: 0.8799742460250854
mae: 0.6793190240859985
