mse: 0.7526113390922546
mae: 0.6028546094894409
