mse: 0.7526594996452332
mae: 0.602899432182312
