mse: 0.7526785731315613
mae: 0.6028364300727844
