mse: 0.7726263403892517
mae: 0.6149126291275024
