mse: 0.7491503357887268
mae: 0.5993624925613403
