mse: 0.7471449971199036
mae: 0.597080409526825
