mse: 0.763712465763092
mae: 0.6087013483047485
