mse: 0.750901460647583
mae: 0.5999549627304077
