mse: 0.7603209018707275
mae: 0.6058272123336792
