mse: 0.7490929961204529
mae: 0.5984638929367065
