mse: 0.7526353001594543
mae: 0.6028702855110168
