mse: 0.7622652649879456
mae: 0.6070350408554077
