mse: 0.7505770325660706
mae: 0.6012407541275024
