mse: 0.7494369149208069
mae: 0.5996493101119995
