mse: 0.7524588108062744
mae: 0.6027404069900513
