mse: 0.7644369006156921
mae: 0.609794020652771
