mse: 0.7514687180519104
mae: 0.6011528968811035
