mse: 0.7489451766014099
mae: 0.5985795259475708
