mse: 0.7528847455978394
mae: 0.6015447974205017
