mse: 0.7493664622306824
mae: 0.5996038913726807
