mse: 0.751723051071167
mae: 0.6013075709342957
