mse: 0.7525544166564941
mae: 0.6027998328208923
