mse: 0.7526761293411255
mae: 0.6029230952262878
