mse: 0.7472714185714722
mae: 0.5971753597259521
