mse: 0.7543724775314331
mae: 0.6022945642471313
