mse: 0.7526553869247437
mae: 0.6028094291687012
