mse: 0.7516483068466187
mae: 0.6019725799560547
