mse: 0.7525873184204102
mae: 0.6028303503990173
