mse: 0.749851405620575
mae: 0.6000015735626221
