mse: 0.9712221622467041
mae: 0.7267090678215027
