mse: 0.7579950094223022
mae: 0.6047139167785645
