mse: 0.7526169419288635
mae: 0.6028672456741333
