mse: 0.7524263262748718
mae: 0.6027102470397949
