mse: 0.7672168016433716
mae: 0.6116769909858704
