mse: 0.7526282072067261
mae: 0.6028669476509094
