mse: 0.7500924468040466
mae: 0.6000086069107056
