mse: 0.7526171207427979
mae: 0.6028000712394714
