mse: 0.7525829672813416
mae: 0.602845311164856
