mse: 0.7487865686416626
mae: 0.5983554124832153
