mse: 0.7520558834075928
mae: 0.601426362991333
