mse: 0.7521148920059204
mae: 0.6010727286338806
