mse: 0.7501639723777771
mae: 0.6005423069000244
