mse: 0.7525743246078491
mae: 0.6028236746788025
