mse: 0.7772717475891113
mae: 0.6184794306755066
