mse: 0.7873684167861938
mae: 0.6228651404380798
