mse: 0.7493770718574524
mae: 0.5997294783592224
