mse: 0.7482073903083801
mae: 0.5983687043190002
