mse: 0.7802666425704956
mae: 0.6187007427215576
