mse: 0.7730816006660461
mae: 0.6133793592453003
