mse: 0.7509600520133972
mae: 0.6000809073448181
