mse: 0.7525901198387146
mae: 0.6028354167938232
