mse: 0.7508543133735657
mae: 0.6004867553710938
