mse: 0.775423526763916
mae: 0.6152291297912598
