mse: 0.753440260887146
mae: 0.601721465587616
