mse: 0.7506673336029053
mae: 0.6005757451057434
