mse: 0.7524971961975098
mae: 0.6027705669403076
