mse: 0.7507224678993225
mae: 0.6006173491477966
