mse: 0.7661125659942627
mae: 0.6102392077445984
