mse: 0.7526191473007202
mae: 0.6027987599372864
