mse: 0.7505018711090088
mae: 0.6001018285751343
