mse: 0.7494535446166992
mae: 0.5992327332496643
