mse: 0.7505911588668823
mae: 0.5997686386108398
