mse: 0.7497097253799438
mae: 0.5995689630508423
