mse: 0.7547777891159058
mae: 0.6025399565696716
