mse: 0.7526307702064514
mae: 0.6028692722320557
