mse: 0.7719879150390625
mae: 0.6143225431442261
