mse: 0.7711158394813538
mae: 0.6118388772010803
