mse: 0.7506610751152039
mae: 0.6004778146743774
