mse: 0.7527742385864258
mae: 0.6010481119155884
