mse: 0.7487682104110718
mae: 0.5980512499809265
