mse: 0.7519087195396423
mae: 0.6007976531982422
