mse: 0.7494601011276245
mae: 0.5997186303138733
