mse: 0.773511528968811
mae: 0.6144888401031494
