mse: 0.7642055153846741
mae: 0.6090772747993469
