mse: 0.7536237239837646
mae: 0.6026390790939331
