mse: 0.766585648059845
mae: 0.6134785413742065
