mse: 0.8057685494422913
mae: 0.6376792788505554
