mse: 0.7472297549247742
mae: 0.5973746180534363
