mse: 0.7475714087486267
mae: 0.5972934365272522
