mse: 0.761074960231781
mae: 0.6069650650024414
