mse: 0.7559587955474854
mae: 0.6030625700950623
