mse: 0.7745282649993896
mae: 0.6150491833686829
