mse: 0.7494065165519714
mae: 0.5995230674743652
