mse: 0.7472999691963196
mae: 0.5973027944564819
