mse: 0.7525915503501892
mae: 0.6016438007354736
