mse: 0.7526063323020935
mae: 0.6028488278388977
