mse: 0.7525553703308105
mae: 0.6028097867965698
