mse: 2.78340744972229
nan_count: 0
mae: 1.12908136844635
nan_count: 0
