mse: 2.801957607269287
nan_count: 0
mae: 1.132954716682434
nan_count: 0
