mse: 0.4053414762020111
mae: 0.4052501916885376
