mse: 0.32133224606513977
mae: 0.35674116015434265
