mse: 0.3403064012527466
mae: 0.37100207805633545
