mse: 0.3343968093395233
mae: 0.36631664633750916
