mse: 0.29926055669784546
mae: 0.35052695870399475
