mse: 0.299430251121521
mae: 0.3500007390975952
