mse: 0.3222357928752899
mae: 0.356638640165329
