mse: 0.3802628517150879
mae: 0.39031335711479187
