mse: 0.3206765651702881
mae: 0.3565630316734314
