mse: 0.3298238515853882
mae: 0.36279168725013733
