mse: 0.32524701952934265
mae: 0.3579789698123932
