mse: 0.34772250056266785
mae: 0.37709933519363403
