mse: 0.32238975167274475
mae: 0.3573392927646637
