mse: 0.2997896671295166
mae: 0.3500140309333801
