mse: 0.2998610734939575
mae: 0.3508435785770416
