mse: 0.29949209094047546
mae: 0.3505496680736542
