mse: 0.32024383544921875
mae: 0.3567012548446655
