mse: 0.3613618016242981
mae: 0.37900638580322266
