mse: 0.43833550810813904
mae: 0.42458659410476685
