mse: 0.32643619179725647
mae: 0.3602284789085388
