mse: 0.32055413722991943
mae: 0.35636305809020996
