mse: 0.33003419637680054
mae: 0.36056607961654663
