mse: 0.3240300118923187
mae: 0.35845622420310974
