mse: 0.3473537862300873
mae: 0.3706573247909546
