mse: 0.7152988314628601
mae: 0.4142785668373108
