mse: 0.21698276698589325
nan_count: 14
mae: 0.28185945749282837
nan_count: 14
