mse: 0.18880772590637207
nan_count: 15
mae: 0.25402647256851196
nan_count: 15
