mse: 0.2190989851951599
nan_count: 14
mae: 0.28372055292129517
nan_count: 14
