mse: 0.1831364631652832
nan_count: 15
mae: 0.24350906908512115
nan_count: 15
