mse: 0.20436498522758484
nan_count: 16
mae: 0.282245397567749
nan_count: 16
