mse: 0.22008296847343445
nan_count: 14
mae: 0.2866411507129669
nan_count: 14
