mse: 0.18346130847930908
nan_count: 15
mae: 0.24358639121055603
nan_count: 15
