mse: 0.1842801570892334
nan_count: 16
mae: 0.24467095732688904
nan_count: 16
