mse: 0.17355281114578247
nan_count: 16
mae: 0.24212200939655304
nan_count: 16
