mse: 0.18705850839614868
nan_count: 15
mae: 0.25250035524368286
nan_count: 15
