mse: 0.18324245512485504
nan_count: 15
mae: 0.24362434446811676
nan_count: 15
