mse: 0.18664135038852692
nan_count: 14
mae: 0.25084221363067627
nan_count: 14
