mse: 0.184360533952713
nan_count: 16
mae: 0.24468527734279633
nan_count: 16
