mse: 0.17225416004657745
nan_count: 13
mae: 0.23936757445335388
nan_count: 13
