mse: 0.21785156428813934
nan_count: 15
mae: 0.2843448221683502
nan_count: 15
