mse: 0.1832459568977356
nan_count: 15
mae: 0.2434772402048111
nan_count: 15
