mse: 0.18852391839027405
nan_count: 15
mae: 0.25313448905944824
nan_count: 15
