mse: 0.18335013091564178
nan_count: 15
mae: 0.24352431297302246
nan_count: 15
