mse: 0.18865607678890228
nan_count: 15
mae: 0.25338420271873474
nan_count: 15
