mse: 0.18429513275623322
nan_count: 16
mae: 0.24479728937149048
nan_count: 16
