mse: 0.20897158980369568
nan_count: 15
mae: 0.28319403529167175
nan_count: 15
