mse: 0.21610508859157562
nan_count: 14
mae: 0.2869130074977875
nan_count: 14
