mse: 0.18330277502536774
nan_count: 15
mae: 0.24341441690921783
nan_count: 15
