mse: 0.2214478701353073
nan_count: 14
mae: 0.28646183013916016
nan_count: 14
