mse: 0.18471021950244904
nan_count: 16
mae: 0.25354504585266113
nan_count: 16
