mse: 0.18405815958976746
nan_count: 16
mae: 0.24456200003623962
nan_count: 16
