mse: 0.18427041172981262
nan_count: 16
mae: 0.24460136890411377
nan_count: 16
