mse: 0.22444301843643188
nan_count: 14
mae: 0.2889513075351715
nan_count: 14
