mse: 0.21940848231315613
nan_count: 16
mae: 0.2848353683948517
nan_count: 16
