mse: 0.18859988451004028
nan_count: 15
mae: 0.2528650462627411
nan_count: 15
