mse: 0.1883554905653
nan_count: 15
mae: 0.253632128238678
nan_count: 15
