mse: 0.18250837922096252
nan_count: 14
mae: 0.2424250692129135
nan_count: 14
