mse: 0.18439319729804993
nan_count: 16
mae: 0.244777649641037
nan_count: 16
