mse: 0.22109918296337128
nan_count: 15
mae: 0.2863917052745819
nan_count: 15
