mse: 0.18777233362197876
nan_count: 14
mae: 0.2521499991416931
nan_count: 14
