mse: 0.19023177027702332
nan_count: 15
mae: 0.25383511185646057
nan_count: 15
