mse: 0.22148293256759644
nan_count: 16
mae: 0.2859310805797577
nan_count: 16
