mse: 0.18715119361877441
nan_count: 15
mae: 0.2532802224159241
nan_count: 15
