mse: 0.18917949497699738
nan_count: 15
mae: 0.2537001371383667
nan_count: 15
