mse: 0.18034730851650238
nan_count: 17
mae: 0.2517261803150177
nan_count: 17
