mse: 0.22433704137802124
nan_count: 15
mae: 0.28714442253112793
nan_count: 15
