mse: 0.18428252637386322
nan_count: 16
mae: 0.24474775791168213
nan_count: 16
