mse: 0.18835902214050293
nan_count: 15
mae: 0.2520650327205658
nan_count: 15
