mse: 0.22116915881633759
nan_count: 14
mae: 0.28619128465652466
nan_count: 14
