mse: 0.2156032919883728
nan_count: 15
mae: 0.28203070163726807
nan_count: 15
