mse: 0.22030629217624664
nan_count: 14
mae: 0.286841481924057
nan_count: 14
