mse: 0.18036581575870514
nan_count: 17
mae: 0.25139373540878296
nan_count: 17
