mse: 0.18843312561511993
nan_count: 15
mae: 0.2546769976615906
nan_count: 15
