mse: 0.1843174695968628
nan_count: 16
mae: 0.2446437031030655
nan_count: 16
