mse: 1.1481504440307617
nan_count: 0
mae: 0.609595000743866
nan_count: 0
