mse: 1.1485753059387207
nan_count: 0
mae: 0.6096139550209045
nan_count: 0
