mse: 1.1471649408340454
nan_count: 0
mae: 0.5929735898971558
nan_count: 0
