mse: 0.8506190776824951
mae: 0.6215587854385376
