mse: 0.4135138690471649
mae: 0.4466073215007782
