mse: 3.3464596271514893
mae: 1.161101222038269
