mse: 3.3487346172332764
mae: 1.1606676578521729
