mse: 3.3439407348632812
mae: 1.1628859043121338
