mse: 3.352994441986084
mae: 1.1602851152420044
