mse: 3.344104051589966
mae: 1.1618566513061523
