mse: 0.25403890013694763
mae: 0.3154160976409912
