mse: 0.2534615993499756
mae: 0.31427496671676636
