mse: 0.2527160048484802
mae: 0.3140935003757477
