mse: 0.2522920072078705
mae: 0.31378716230392456
