mse: 0.2534765303134918
mae: 0.3142866790294647
