mse: 0.25373387336730957
mae: 0.31442415714263916
