mse: 0.2531571388244629
mae: 0.3142845332622528
