mse: 0.25315579771995544
mae: 0.3146507143974304
