mse: 0.2535465955734253
mae: 0.3143356144428253
