mse: 0.2533811628818512
mae: 0.3154642879962921
