mse: 0.25341200828552246
mae: 0.314260333776474
