mse: 0.2538575232028961
mae: 0.3145669996738434
