mse: 0.2529657185077667
mae: 0.3144713342189789
