mse: 0.25335928797721863
mae: 0.3154013156890869
