mse: 0.2556348145008087
mae: 0.31849753856658936
