mse: 0.25367459654808044
mae: 0.3143947124481201
