mse: 0.2533107399940491
mae: 0.3143777549266815
