mse: 0.252953439950943
mae: 0.31402498483657837
