mse: 0.2537256181240082
mae: 0.3144287168979645
