mse: 0.253375768661499
mae: 0.31429436802864075
