mse: 0.2537350058555603
mae: 0.31441593170166016
