mse: 0.25340038537979126
mae: 0.31424927711486816
