mse: 0.2528383731842041
mae: 0.31388330459594727
