mse: 0.25319620966911316
mae: 0.31427401304244995
