mse: 0.2533087730407715
mae: 0.3153025209903717
