mse: 0.2531570494174957
mae: 0.31464362144470215
