mse: 0.2533091604709625
mae: 0.3142458200454712
