mse: 0.25312820076942444
mae: 0.3143814206123352
