mse: 0.25293049216270447
mae: 0.3143707811832428
