mse: 0.25324711203575134
mae: 0.3145192265510559
