mse: 0.25327393412590027
mae: 0.31414172053337097
