mse: 0.25309479236602783
mae: 0.3141686022281647
