mse: 0.2533804178237915
mae: 0.3143005967140198
