mse: 0.25310152769088745
mae: 0.3152066171169281
