mse: 0.2534201741218567
mae: 0.3160838186740875
