mse: 0.25339874625205994
mae: 0.3142826557159424
