mse: 0.252615362405777
mae: 0.31419995427131653
