mse: 0.25354108214378357
mae: 0.3143058717250824
