mse: 0.2532538175582886
mae: 0.31423717737197876
