mse: 0.2535319924354553
mae: 0.3143202066421509
