mse: 0.252117782831192
mae: 0.31381818652153015
