mse: 0.2524661421775818
mae: 0.31378892064094543
