mse: 0.2530791759490967
mae: 0.3144065737724304
