mse: 0.25371482968330383
mae: 0.31446242332458496
