mse: 0.2532046437263489
mae: 0.3144564628601074
