mse: 0.25400689244270325
mae: 0.31462472677230835
