mse: 0.25370749831199646
mae: 0.31440940499305725
