mse: 0.2543063163757324
mae: 0.31599926948547363
