mse: 0.25371605157852173
mae: 0.31442713737487793
