mse: 0.2536783218383789
mae: 0.31439775228500366
