mse: 0.25328096747398376
mae: 0.31565311551094055
