mse: 0.2535860240459442
mae: 0.3143720328807831
