mse: 0.25301089882850647
mae: 0.31457552313804626
