mse: 0.25330567359924316
mae: 0.3158707022666931
