mse: 0.25367313623428345
mae: 0.3162742555141449
