mse: 0.2519768476486206
mae: 0.31388646364212036
