mse: 0.25305333733558655
mae: 0.3145710527896881
