mse: 0.25307905673980713
mae: 0.3148224949836731
