mse: 0.25304779410362244
mae: 0.314860999584198
