mse: 0.25361230969429016
mae: 0.3143709897994995
