mse: 0.25398150086402893
mae: 0.31460657715797424
