mse: 0.25329479575157166
mae: 0.3150683641433716
