mse: 0.2539950907230377
mae: 0.3145352303981781
