mse: 0.2532590627670288
mae: 0.31504082679748535
