mse: 0.2546747326850891
mae: 0.316725492477417
