mse: 0.25331199169158936
mae: 0.3143645226955414
