mse: 0.2537381947040558
mae: 0.31647881865501404
