mse: 0.25395467877388
mae: 0.31461724638938904
