mse: 0.25343361496925354
mae: 0.31606411933898926
