mse: 0.2526676058769226
mae: 0.3138229250907898
