mse: 0.2525915205478668
mae: 0.3146168291568756
