mse: 0.25359997153282166
mae: 0.3162478804588318
