mse: 0.2531742453575134
mae: 0.31564927101135254
