mse: 0.25303298234939575
mae: 0.3143284320831299
