mse: 0.2532569468021393
mae: 0.31408488750457764
