mse: 0.2530521750450134
mae: 0.31483376026153564
