mse: 0.2530369758605957
mae: 0.31397074460983276
