mse: 0.2532827854156494
mae: 0.3143644630908966
