mse: 0.2532714903354645
mae: 0.31560298800468445
