mse: 0.25301408767700195
mae: 0.31424567103385925
