mse: 0.2537415325641632
mae: 0.3146474361419678
