mse: 0.2531801164150238
mae: 0.31493762135505676
