mse: 0.25370892882347107
mae: 0.3164002001285553
