mse: 0.25349727272987366
mae: 0.3158580958843231
