mse: 0.253939688205719
mae: 0.3145814538002014
