mse: 0.2532033920288086
mae: 0.31428706645965576
