mse: 0.2533705234527588
mae: 0.31428372859954834
