mse: 0.2529151737689972
mae: 0.3145829737186432
