mse: 0.25378963351249695
mae: 0.3165215253829956
