mse: 0.25321030616760254
mae: 0.31415149569511414
