mse: 0.25315842032432556
mae: 0.31516483426094055
