mse: 0.25350913405418396
mae: 0.31430408358573914
