mse: 0.25322481989860535
mae: 0.3144947290420532
