mse: 0.25328031182289124
mae: 0.31530147790908813
