mse: 0.2529442608356476
mae: 0.31486961245536804
