mse: 0.253858745098114
mae: 0.3149670958518982
