mse: 0.25371232628822327
mae: 0.3144873082637787
