mse: 0.25330713391304016
mae: 0.314236044883728
