mse: 0.25357431173324585
mae: 0.31595945358276367
