mse: 0.25340428948402405
mae: 0.31572893261909485
