mse: 0.25333335995674133
mae: 0.3154357373714447
