mse: 0.2532156705856323
mae: 0.3149392902851105
