mse: 0.2531251609325409
mae: 0.3154056668281555
