mse: 0.25326910614967346
mae: 0.31433290243148804
