mse: 0.2531014680862427
mae: 0.3142336308956146
