mse: 0.25314009189605713
mae: 0.3140674829483032
