mse: 0.2525639533996582
mae: 0.314373254776001
