mse: 0.25370466709136963
mae: 0.3164050281047821
