mse: 0.2531884014606476
mae: 0.3147253096103668
