mse: 0.25314122438430786
mae: 0.31518304347991943
