mse: 0.2532287538051605
mae: 0.31474989652633667
