mse: 0.25395989418029785
mae: 0.3145976960659027
