mse: 0.2534659802913666
mae: 0.31427615880966187
