mse: 0.2535226345062256
mae: 0.3143148124217987
