mse: 0.25304657220840454
mae: 0.3145480155944824
