mse: 0.2534927725791931
mae: 0.31423765420913696
