mse: 0.25374433398246765
mae: 0.3144298791885376
