mse: 0.25319844484329224
mae: 0.3147086799144745
