mse: 0.2533963620662689
mae: 0.31430503726005554
