mse: 0.2532906234264374
mae: 0.31432709097862244
