mse: 0.2535132169723511
mae: 0.3143135607242584
