mse: 0.2531105577945709
mae: 0.31439125537872314
