mse: 0.2539612352848053
mae: 0.3146152198314667
