mse: 0.2532368302345276
mae: 0.3145129382610321
