mse: 0.25337377190589905
mae: 0.3142099678516388
