mse: 0.2538272440433502
mae: 0.3144332468509674
