mse: 0.25328293442726135
mae: 0.31558430194854736
