mse: 0.2562394142150879
mae: 0.31953781843185425
