mse: 0.2534099221229553
mae: 0.316133052110672
