mse: 0.2532164454460144
mae: 0.3144509196281433
