mse: 0.2530127763748169
mae: 0.3150210678577423
