mse: 0.2529592514038086
mae: 0.3147106468677521
