mse: 0.255122572183609
mae: 0.3175632357597351
