mse: 0.25332486629486084
mae: 0.31538447737693787
