mse: 0.25397104024887085
mae: 0.31461870670318604
