mse: 0.25350144505500793
mae: 0.31591734290122986
