mse: 0.2528076767921448
mae: 0.3140251636505127
