mse: 0.2534477114677429
mae: 0.3157483637332916
