mse: 0.25379854440689087
mae: 0.31453409790992737
