mse: 0.2538822293281555
mae: 0.3145585060119629
