mse: 0.2518231272697449
mae: 0.3139730989933014
