mse: 0.25324833393096924
mae: 0.31501349806785583
