mse: 0.2532446086406708
mae: 0.3142170011997223
