mse: 0.2535100281238556
mae: 0.3158635199069977
