mse: 0.2526264488697052
mae: 0.314906507730484
