mse: 0.25303491950035095
mae: 0.31522151827812195
