mse: 0.19600936770439148
mae: 0.24720531702041626
