mse: 0.13843601942062378
mae: 0.18777264654636383
