mse: 0.13844034075737
mae: 0.18782289326190948
