mse: 0.26273977756500244
mae: 0.3696235716342926
