mse: 0.2751862406730652
mae: 0.38367170095443726
