mse: 0.26404812932014465
mae: 0.37129196524620056
