mse: 0.2779136896133423
mae: 0.386272132396698
