mse: 0.25973889231681824
mae: 0.36607348918914795
