mse: 0.25846460461616516
mae: 0.3644716441631317
