mse: 0.2753205895423889
mae: 0.383836567401886
