mse: 0.27515190839767456
mae: 0.3835327923297882
