mse: 0.2757301330566406
mae: 0.3843194246292114
