mse: 0.275564044713974
mae: 0.3836847245693207
