mse: 0.27963536977767944
mae: 0.38750603795051575
