mse: 0.2771701514720917
mae: 0.38554346561431885
