mse: 0.2753416895866394
mae: 0.38358786702156067
