mse: 0.27606135606765747
mae: 0.38391292095184326
