mse: 0.26110339164733887
mae: 0.36782440543174744
