mse: 0.27637979388237
mae: 0.38488420844078064
