mse: 0.9798612594604492
mae: 0.5616421699523926
