mse: 0.9693582057952881
mae: 0.5613671541213989
