mse: 0.9769430160522461
mae: 0.5663847923278809
