mse: 0.9753375053405762
mae: 0.5719130635261536
