mse: 0.975897490978241
mae: 0.5701363682746887
