mse: 0.9822689294815063
mae: 0.5588911771774292
