mse: 0.9809099435806274
mae: 0.5602330565452576
