mse: 0.9762439727783203
mae: 0.568260669708252
