mse: 0.9839590787887573
mae: 0.5577203035354614
