mse: 0.9688454270362854
mae: 0.5598360300064087
