mse: 0.9683685898780823
mae: 0.5582496523857117
