mse: 0.975174069404602
mae: 0.5738061666488647
