mse: 0.9705499410629272
mae: 0.5644639730453491
