mse: 0.9759063720703125
mae: 0.573796272277832
