mse: 0.9775411486625671
mae: 0.564649760723114
