mse: 0.9786301255226135
mae: 0.5630899667739868
