mse: 0.967697262763977
mae: 0.5566604137420654
