mse: 0.9700255393981934
mae: 0.5629518628120422
