mse: 0.3897441327571869
mae: 0.4138605296611786
