mse: 0.7434333562850952
mae: 0.5995047688484192
