mse: 0.7425205111503601
mae: 0.5991668701171875
