mse: 0.7394288778305054
mae: 0.5963461399078369
