mse: 0.7505455613136292
mae: 0.6024430990219116
