mse: 0.7417681813240051
mae: 0.598273754119873
