mse: 0.7394815683364868
mae: 0.5963729619979858
