mse: 0.7421923875808716
mae: 0.5974348783493042
