mse: 0.7439043521881104
mae: 0.5990469455718994
