mse: 0.7417166829109192
mae: 0.5983296632766724
