mse: 0.740563154220581
mae: 0.597230851650238
