mse: 0.7433222532272339
mae: 0.5998514294624329
