mse: 0.7531559467315674
mae: 0.604423999786377
