mse: 0.7522258758544922
mae: 0.6031940579414368
