mse: 0.7414843440055847
mae: 0.5983762145042419
