mse: 0.7429647445678711
mae: 0.598421037197113
