mse: 0.7420481443405151
mae: 0.5978897213935852
