mse: 0.7412877678871155
mae: 0.597844123840332
