mse: 0.7406083345413208
mae: 0.5975594520568848
