mse: 0.7451987266540527
mae: 0.6014662981033325
