mse: 0.7661364674568176
mae: 0.6135611534118652
