mse: 0.7402423024177551
mae: 0.5954228639602661
