mse: 0.7436720132827759
mae: 0.600136399269104
