mse: 0.7388436198234558
mae: 0.5953710079193115
