mse: 0.7534344792366028
mae: 0.604935348033905
