mse: 0.7404981255531311
mae: 0.5973086357116699
