mse: 0.7393692135810852
mae: 0.5954446196556091
