mse: 0.7438816428184509
mae: 0.6002898216247559
