mse: 0.7452192902565002
mae: 0.6014719009399414
