mse: 0.777700662612915
mae: 0.6181194186210632
