mse: 0.7546370029449463
mae: 0.6052791476249695
