mse: 0.7434002161026001
mae: 0.5992744565010071
