mse: 0.7439015507698059
mae: 0.6003108024597168
