mse: 0.7450956702232361
mae: 0.5992110371589661
