mse: 0.7422926425933838
mae: 0.5978436470031738
