mse: 0.7426962852478027
mae: 0.5994018316268921
