mse: 0.7414882183074951
mae: 0.5979329347610474
