mse: 0.7430837154388428
mae: 0.5996416211128235
