mse: 0.8917664885520935
mae: 0.6895149350166321
