mse: 0.7435925006866455
mae: 0.6002331376075745
