mse: 0.8632099032402039
mae: 0.6716846823692322
