mse: 0.7471842169761658
mae: 0.600895345211029
