mse: 0.7437712550163269
mae: 0.5999601483345032
