mse: 0.7385064959526062
mae: 0.5950458645820618
