mse: 0.7410370111465454
mae: 0.5967803001403809
