mse: 0.7434072494506836
mae: 0.5989066958427429
