mse: 0.7397463917732239
mae: 0.5955935716629028
