mse: 0.7542266249656677
mae: 0.6060373783111572
