mse: 0.7416630387306213
mae: 0.5982498526573181
