mse: 0.741683840751648
mae: 0.5982525944709778
