mse: 0.770483136177063
mae: 0.616714358329773
