mse: 0.7405925989151001
mae: 0.5971860289573669
