mse: 0.742397665977478
mae: 0.5990776419639587
