mse: 0.7429438233375549
mae: 0.5985080003738403
