mse: 0.7420510053634644
mae: 0.5986559391021729
