mse: 0.7391124367713928
mae: 0.595956563949585
