mse: 0.7404114603996277
mae: 0.5966733694076538
