mse: 0.7427796125411987
mae: 0.5989751815795898
