mse: 0.745204508304596
mae: 0.6014407277107239
