mse: 0.7431989908218384
mae: 0.5994387865066528
