mse: 0.7427979707717896
mae: 0.5990447402000427
