mse: 0.7656466960906982
mae: 0.6125314235687256
