mse: 0.747208833694458
mae: 0.5994784235954285
