mse: 0.7426389455795288
mae: 0.5992271304130554
