mse: 0.7450588345527649
mae: 0.6014264225959778
