mse: 0.7452206611633301
mae: 0.6015141010284424
