mse: 0.7419469356536865
mae: 0.5986224412918091
