mse: 0.7449325919151306
mae: 0.6013198494911194
