mse: 0.7426145076751709
mae: 0.5988327860832214
