mse: 0.7432777881622314
mae: 0.5998418927192688
