mse: 0.7439999580383301
mae: 0.5987303256988525
