mse: 0.7422454953193665
mae: 0.5986783504486084
