mse: 0.745213508605957
mae: 0.6014449000358582
