mse: 0.7450306415557861
mae: 0.6002607345581055
