mse: 0.7387758493423462
mae: 0.5953997373580933
