mse: 0.7405999302864075
mae: 0.5973781943321228
