mse: 0.7416365742683411
mae: 0.5981764197349548
