mse: 0.7531829476356506
mae: 0.6029902100563049
