mse: 0.7524594664573669
mae: 0.6021499633789062
