mse: 0.7450855374336243
mae: 0.6014614701271057
