mse: 0.739783763885498
mae: 0.596368670463562
