mse: 0.7534109354019165
mae: 0.6055702567100525
