mse: 0.7462222576141357
mae: 0.6002533435821533
