mse: 0.7433360815048218
mae: 0.5998688340187073
