mse: 0.7453265190124512
mae: 0.5986408591270447
