mse: 0.8153213262557983
mae: 0.6420566439628601
