mse: 0.7416313290596008
mae: 0.5982223153114319
