mse: 0.7442141175270081
mae: 0.600121021270752
