mse: 0.8180018663406372
mae: 0.64344322681427
