mse: 0.7470691800117493
mae: 0.6012426018714905
