mse: 0.7406309843063354
mae: 0.5969057679176331
