mse: 0.7416720390319824
mae: 0.5983377695083618
