mse: 0.7434230446815491
mae: 0.5980573892593384
