mse: 0.7379488348960876
mae: 0.5949008464813232
