mse: 0.7415910959243774
mae: 0.5984864234924316
