mse: 0.7438380718231201
mae: 0.6004104614257812
