mse: 0.7410933971405029
mae: 0.5967423319816589
