mse: 0.7412769794464111
mae: 0.5976834297180176
