mse: 0.740356981754303
mae: 0.596943199634552
