mse: 0.7450887560844421
mae: 0.6013886332511902
