mse: 0.7453379034996033
mae: 0.6017928719520569
