mse: 0.7415999174118042
mae: 0.598376989364624
