mse: 0.7463908195495605
mae: 0.6019346714019775
