mse: 0.7390764355659485
mae: 0.5957654118537903
