mse: 0.7439081072807312
mae: 0.6000139713287354
