mse: 0.7581315636634827
mae: 0.6069970726966858
