mse: 0.741628885269165
mae: 0.5986480116844177
