mse: 0.7655131816864014
mae: 0.6120678782463074
