mse: 0.7451862692832947
mae: 0.601539134979248
