mse: 0.7413941621780396
mae: 0.5977724194526672
