mse: 0.7430734038352966
mae: 0.5983788967132568
