mse: 0.7574294209480286
mae: 0.6075873374938965
