mse: 0.7424789667129517
mae: 0.59919673204422
