mse: 0.7428233623504639
mae: 0.5994927287101746
