mse: 0.7401403188705444
mae: 0.5968314409255981
