mse: 0.7416098117828369
mae: 0.5974306464195251
