mse: 0.748918354511261
mae: 0.6015557646751404
