mse: 0.7527266144752502
mae: 0.6031659841537476
