mse: 0.8027276396751404
mae: 0.6364471912384033
