mse: 0.7450307011604309
mae: 0.6013572216033936
