mse: 0.7419065833091736
mae: 0.5974226593971252
