mse: 0.7413618564605713
mae: 0.5979474186897278
