mse: 0.7420464754104614
mae: 0.5986507534980774
