mse: 0.740092396736145
mae: 0.5967046618461609
