mse: 0.7416253685951233
mae: 0.5982658863067627
