mse: 0.7450760006904602
mae: 0.601419985294342
