mse: 0.7473283410072327
mae: 0.6015136241912842
