mse: 0.7451086640357971
mae: 0.601428747177124
