mse: 0.7493952512741089
mae: 0.6029018759727478
