mse: 0.7412453889846802
mae: 0.5976979732513428
