mse: 0.7425811290740967
mae: 0.5992180705070496
