mse: 0.7452495694160461
mae: 0.5999483466148376
