mse: 0.7422295808792114
mae: 0.5972774028778076
