mse: 0.744442343711853
mae: 0.60074383020401
