mse: 0.7433584928512573
mae: 0.5999560356140137
