mse: 0.7392676472663879
mae: 0.5961372256278992
