mse: 0.7428864240646362
mae: 0.5990477800369263
