mse: 0.7596660852432251
mae: 0.60821533203125
