mse: 0.7412293553352356
mae: 0.5977585315704346
