mse: 0.8098527193069458
mae: 0.6410902142524719
