mse: 0.7396862506866455
mae: 0.5963581204414368
