mse: 0.776066243648529
mae: 0.6198780536651611
