mse: 0.7445504665374756
mae: 0.5991175770759583
