mse: 0.7428640127182007
mae: 0.5995606184005737
