mse: 0.749990701675415
mae: 0.6025184392929077
