mse: 0.743278443813324
mae: 0.5995473861694336
