mse: 0.7426098585128784
mae: 0.5980657339096069
