mse: 0.7403683662414551
mae: 0.5971125960350037
