mse: 0.7437642812728882
mae: 0.6001677513122559
