mse: 0.7451253533363342
mae: 0.599676787853241
