mse: 0.7412903904914856
mae: 0.5975828766822815
