mse: 0.7425541877746582
mae: 0.5989662408828735
