mse: 0.7493603825569153
mae: 0.6021099090576172
