mse: 0.7428500056266785
mae: 0.5997142791748047
