mse: 0.7424770593643188
mae: 0.5977320671081543
