mse: 0.7424208521842957
mae: 0.59712815284729
