mse: 0.7461360096931458
mae: 0.6008924245834351
