mse: 0.7426329851150513
mae: 0.5982481837272644
