mse: 0.7419708967208862
mae: 0.5987322330474854
