mse: 0.75846266746521
mae: 0.6091033220291138
