mse: 0.7405396103858948
mae: 0.5956135392189026
