mse: 0.7452182173728943
mae: 0.601494312286377
