mse: 0.739693284034729
mae: 0.5962772965431213
