mse: 0.7485541701316833
mae: 0.6016528606414795
