mse: 0.740037202835083
mae: 0.5967144966125488
