mse: 0.7434763312339783
mae: 0.6001521944999695
