mse: 0.742190957069397
mae: 0.5991016030311584
