mse: 0.7422898411750793
mae: 0.5985763669013977
