mse: 0.739695131778717
mae: 0.5957099199295044
