mse: 0.7430644631385803
mae: 0.5991093516349792
