mse: 0.818653404712677
mae: 0.6438982486724854
