mse: 0.743423581123352
mae: 0.5976478457450867
