mse: 0.7534632682800293
mae: 0.6044752597808838
