mse: 0.743029773235321
mae: 0.5996637344360352
