mse: 0.7442134618759155
mae: 0.6006772518157959
