mse: 0.7584608197212219
mae: 0.607478678226471
