mse: 0.8680341839790344
mae: 0.6755054593086243
