mse: 0.749666690826416
mae: 0.601445734500885
