mse: 0.7441850900650024
mae: 0.6005822420120239
