mse: 0.7438190579414368
mae: 0.6000597476959229
