mse: 0.7466533780097961
mae: 0.6013056635856628
