mse: 0.7420986294746399
mae: 0.5981683731079102
