mse: 0.7409964799880981
mae: 0.5978283286094666
