mse: 0.7485074400901794
mae: 0.602864146232605
