mse: 0.7400782108306885
mae: 0.5969072580337524
