mse: 0.7433448433876038
mae: 0.5995228886604309
