mse: 0.7420192956924438
mae: 0.5987111330032349
