mse: 0.7409241795539856
mae: 0.5978008508682251
