mse: 0.7408995032310486
mae: 0.5978958606719971
