mse: 0.7523550987243652
mae: 0.6043422818183899
