mse: 0.7703514099121094
mae: 0.6140930652618408
