mse: 0.7452433705329895
mae: 0.6015393137931824
