mse: 0.7437138557434082
mae: 0.6001924872398376
