mse: 0.743139922618866
mae: 0.5997015833854675
