mse: 0.7879192233085632
mae: 0.6276066303253174
