mse: 0.7412368655204773
mae: 0.5972816348075867
