mse: 0.7392838597297668
mae: 0.5960503220558167
