mse: 0.7439704537391663
mae: 0.5974540114402771
