mse: 0.7410536408424377
mae: 0.5978013873100281
