mse: 0.7917428016662598
mae: 0.6294469237327576
