mse: 0.7441019415855408
mae: 0.6006100177764893
