mse: 0.7637606859207153
mae: 0.6102311611175537
