mse: 0.7450941205024719
mae: 0.6014183759689331
