mse: 0.7415090203285217
mae: 0.5983567833900452
