mse: 0.7429254651069641
mae: 0.5994124412536621
