mse: 0.7398590445518494
mae: 0.5967123508453369
