mse: 0.7380415201187134
mae: 0.5945088863372803
