mse: 0.7430726885795593
mae: 0.599616527557373
