mse: 0.7437945604324341
mae: 0.6003561019897461
