mse: 0.7399592399597168
mae: 0.5952889323234558
