mse: 0.7406067848205566
mae: 0.5971415638923645
