mse: 0.742982029914856
mae: 0.5982410311698914
