mse: 0.7424200177192688
mae: 0.5988488793373108
