mse: 0.7435343861579895
mae: 0.5998346209526062
