mse: 0.7494141459465027
mae: 0.6032475829124451
