mse: 0.7421482801437378
mae: 0.5971345901489258
