mse: 0.7421602606773376
mae: 0.598720908164978
