mse: 0.7411370873451233
mae: 0.5980170965194702
