mse: 0.7423232793807983
mae: 0.5971749424934387
