mse: 0.7451583743095398
mae: 0.6014867424964905
