mse: 0.7406768202781677
mae: 0.5974295735359192
