mse: 0.7474544644355774
mae: 0.6024746894836426
