mse: 0.7427448630332947
mae: 0.5984665751457214
