mse: 0.7450297474861145
mae: 0.6013159155845642
