mse: 0.7445504069328308
mae: 0.6008694171905518
