mse: 0.7407892942428589
mae: 0.5975249409675598
