mse: 0.7420456409454346
mae: 0.5986387729644775
