mse: 0.7409126162528992
mae: 0.597894549369812
