mse: 0.741828203201294
mae: 0.5988389849662781
