mse: 0.7424748539924622
mae: 0.599341094493866
