mse: 0.745089054107666
mae: 0.5988943576812744
