mse: 0.743058979511261
mae: 0.5996121168136597
