mse: 0.7418186664581299
mae: 0.5983565449714661
