mse: 0.7434649467468262
mae: 0.5983949303627014
