mse: 0.7434027194976807
mae: 0.5991966724395752
