mse: 0.7418662905693054
mae: 0.5982774496078491
