mse: 0.7370814085006714
mae: 0.5942108035087585
