mse: 0.7452043294906616
mae: 0.6014631390571594
