mse: 0.7400593757629395
mae: 0.5967199206352234
