mse: 0.7419452667236328
mae: 0.5986329913139343
