mse: 0.745112419128418
mae: 0.5984790921211243
