mse: 0.7411866188049316
mae: 0.5976643562316895
