mse: 0.7397668957710266
mae: 0.5962966680526733
