mse: 0.7450506687164307
mae: 0.601383626461029
