mse: 0.9179165363311768
mae: 0.7013309597969055
