mse: 0.7430607080459595
mae: 0.5998407602310181
