mse: 0.7406901717185974
mae: 0.5976824760437012
