mse: 0.7408775091171265
mae: 0.5975271463394165
