mse: 0.7890526056289673
mae: 0.6268880367279053
