mse: 0.7416262626647949
mae: 0.5986701250076294
