mse: 0.7451292872428894
mae: 0.6014439463615417
