mse: 0.7714083790779114
mae: 0.6169240474700928
