mse: 0.7446150779724121
mae: 0.6001598238945007
