mse: 0.7400210499763489
mae: 0.5963654518127441
