mse: 0.8566064834594727
mae: 0.6647233366966248
