mse: 0.743869423866272
mae: 0.6002814173698425
