mse: 0.7465642690658569
mae: 0.5991932153701782
