mse: 0.742556095123291
mae: 0.5984837412834167
