mse: 0.7451148629188538
mae: 0.6014353036880493
