mse: 0.7433738112449646
mae: 0.6000445485115051
