mse: 0.7403324246406555
mae: 0.5971378087997437
