mse: 0.7406207919120789
mae: 0.5970689654350281
