mse: 0.7407692074775696
mae: 0.5970715284347534
