mse: 0.7451925873756409
mae: 0.6015028357505798
