mse: 0.7442901134490967
mae: 0.6006230711936951
