mse: 0.7382810711860657
mae: 0.5949174165725708
