mse: 0.7421270608901978
mae: 0.5990285873413086
