mse: 0.7426075339317322
mae: 0.5986445546150208
