mse: 0.7445796132087708
mae: 0.5994701981544495
