mse: 0.7646757960319519
mae: 0.6104397177696228
