mse: 0.7428771257400513
mae: 0.5986934900283813
