mse: 0.7409969568252563
mae: 0.5980175733566284
