mse: 0.745207667350769
mae: 0.6015001535415649
