mse: 0.7451754212379456
mae: 0.6014508605003357
