mse: 0.7450410723686218
mae: 0.6013681888580322
