mse: 0.7412643432617188
mae: 0.5970456600189209
