mse: 0.7444298267364502
mae: 0.6008054614067078
