mse: 0.7409676909446716
mae: 0.5972875356674194
