mse: 0.7401099801063538
mae: 0.5969464182853699
