mse: 0.7398309707641602
mae: 0.5954321622848511
