mse: 0.7408199310302734
mae: 0.5975163578987122
