mse: 0.7418266534805298
mae: 0.5975698232650757
