mse: 0.7439606189727783
mae: 0.5981286764144897
