mse: 0.7451385855674744
mae: 0.6014710664749146
