mse: 0.7401731014251709
mae: 0.5970203280448914
