mse: 0.7424406409263611
mae: 0.5991460680961609
