mse: 0.7430559992790222
mae: 0.5996935963630676
