mse: 0.7415439486503601
mae: 0.5975872874259949
