mse: 0.8834058046340942
mae: 0.6817104816436768
