mse: 0.7402743697166443
mae: 0.5969041585922241
