mse: 0.7430433630943298
mae: 0.5993711352348328
