mse: 0.7709035873413086
mae: 0.6158950924873352
