mse: 0.7406154870986938
mae: 0.5972209572792053
