mse: 0.7425794005393982
mae: 0.599342405796051
