mse: 0.7380384206771851
mae: 0.5947721600532532
