mse: 0.7413548827171326
mae: 0.5981763601303101
