mse: 0.7496811747550964
mae: 0.6022777557373047
