mse: 0.7417000532150269
mae: 0.5987610816955566
