mse: 0.7444093823432922
mae: 0.6007832288742065
