mse: 0.756973922252655
mae: 0.6069904565811157
