mse: 0.7442860007286072
mae: 0.599422037601471
