mse: 0.7468604445457458
mae: 0.6017720103263855
