mse: 0.749363899230957
mae: 0.6027423143386841
