mse: 0.7400062084197998
mae: 0.5963471531867981
