mse: 0.7482512593269348
mae: 0.601191520690918
