mse: 0.7451903223991394
mae: 0.6014890670776367
