mse: 0.7413502335548401
mae: 0.597721517086029
