mse: 0.743052065372467
mae: 0.5994783043861389
