mse: 0.7426275610923767
mae: 0.5993958711624146
