mse: 0.7432786822319031
mae: 0.5999361872673035
