mse: 0.751841127872467
mae: 0.6040992140769958
