mse: 0.7441966533660889
mae: 0.6006670594215393
