mse: 0.7452017068862915
mae: 0.5979037880897522
