mse: 0.7478837966918945
mae: 0.6017827987670898
