mse: 0.8483361005783081
mae: 0.661454439163208
