mse: 0.7394611835479736
mae: 0.5958492159843445
