mse: 0.7435258030891418
mae: 0.5998056530952454
