mse: 0.7477315068244934
mae: 0.6006227135658264
