mse: 0.7437586784362793
mae: 0.6003205180168152
