mse: 0.7437508702278137
mae: 0.5989620685577393
