mse: 0.7410403490066528
mae: 0.5977628827095032
