mse: 0.7412478923797607
mae: 0.5970726609230042
