mse: 0.7421379089355469
mae: 0.5986776351928711
