mse: 0.7428268790245056
mae: 0.5995506048202515
