mse: 0.7409981489181519
mae: 0.5976139307022095
