mse: 0.7451180219650269
mae: 0.6014246344566345
