mse: 0.74299156665802
mae: 0.5995185971260071
