mse: 0.7407454252243042
mae: 0.5969926118850708
