mse: 0.7419454455375671
mae: 0.5982629656791687
