mse: 0.7408108115196228
mae: 0.5977076292037964
