mse: 0.7443003058433533
mae: 0.6007294654846191
