mse: 0.7572806477546692
mae: 0.6076555252075195
