mse: 0.7408947944641113
mae: 0.5974794626235962
