mse: 0.9007917046546936
mae: 0.6911271214485168
