mse: 0.7479669451713562
mae: 0.601058840751648
