mse: 0.7405264973640442
mae: 0.597192108631134
