mse: 0.7415801286697388
mae: 0.5975004434585571
