mse: 0.7822178602218628
mae: 0.623674213886261
