mse: 0.7426421642303467
mae: 0.5991633534431458
