mse: 0.7450228333473206
mae: 0.601316511631012
