mse: 0.7387674450874329
mae: 0.5956612825393677
