mse: 0.7719612717628479
mae: 0.6165542006492615
