mse: 0.8882564902305603
mae: 0.682217538356781
