mse: 0.7426274418830872
mae: 0.5984935760498047
