mse: 0.7451199889183044
mae: 0.6014516353607178
