mse: 0.740114152431488
mae: 0.5956003069877625
