mse: 0.7423593997955322
mae: 0.5991373658180237
