mse: 0.7419256567955017
mae: 0.5987558364868164
