mse: 0.7496916651725769
mae: 0.6026350855827332
