mse: 0.743022084236145
mae: 0.599772036075592
