mse: 0.7868527770042419
mae: 0.6245545148849487
