mse: 0.7403128743171692
mae: 0.5971900224685669
