mse: 0.7451466917991638
mae: 0.6014587879180908
