mse: 0.771366536617279
mae: 0.6155011653900146
