mse: 0.755545973777771
mae: 0.6064743399620056
