mse: 0.7451379895210266
mae: 0.6014312505722046
