mse: 0.7417663335800171
mae: 0.5985565781593323
