mse: 0.7482975125312805
mae: 0.6007357835769653
