mse: 0.745270848274231
mae: 0.6015622019767761
