mse: 0.7442949414253235
mae: 0.6007238626480103
