mse: 0.7428839802742004
mae: 0.5981627702713013
