mse: 0.8830071687698364
mae: 0.6813166737556458
