mse: 0.7417246699333191
mae: 0.598541259765625
