mse: 0.7386088967323303
mae: 0.5951029062271118
