mse: 0.745000422000885
mae: 0.601344883441925
