mse: 0.7407703995704651
mae: 0.5958436727523804
