mse: 0.7436225414276123
mae: 0.6001673936843872
