mse: 0.7442749738693237
mae: 0.6007086038589478
