mse: 0.7415088415145874
mae: 0.5982117056846619
