mse: 0.7397196888923645
mae: 0.5965649485588074
