mse: 0.9052358269691467
mae: 0.6964479684829712
