mse: 0.7423356771469116
mae: 0.5987433791160583
