mse: 0.7743962407112122
mae: 0.6171562075614929
