mse: 0.7454138994216919
mae: 0.6003730893135071
