mse: 0.7470813989639282
mae: 0.6006287932395935
