mse: 0.740147590637207
mae: 0.5968434810638428
