mse: 0.7425528764724731
mae: 0.5979571342468262
