mse: 0.74505215883255
mae: 0.6014374494552612
