mse: 0.7813199162483215
mae: 0.6235834360122681
