mse: 0.7407271265983582
mae: 0.5968517065048218
