mse: 0.7377390265464783
mae: 0.594643235206604
