mse: 0.7932833433151245
mae: 0.6286172866821289
