mse: 0.7476286888122559
mae: 0.6017389893531799
