mse: 0.7534619569778442
mae: 0.6043696403503418
