mse: 0.7432060837745667
mae: 0.5989087820053101
