mse: 0.7670348882675171
mae: 0.6142741441726685
