mse: 0.7391020059585571
mae: 0.5958828926086426
