mse: 0.7419484257698059
mae: 0.5988401770591736
