mse: 0.7401032447814941
mae: 0.5967103838920593
