mse: 0.744457483291626
mae: 0.5995969772338867
