mse: 0.7457351684570312
mae: 0.6004120707511902
