mse: 0.7743099927902222
mae: 0.6164301633834839
