mse: 0.7560518383979797
mae: 0.6066804528236389
