mse: 0.8074490427970886
mae: 0.6384093761444092
