mse: 0.7530435919761658
mae: 0.6045301556587219
