mse: 0.7414368391036987
mae: 0.5981314778327942
