mse: 0.7427223324775696
mae: 0.5993103384971619
