mse: 0.7407536506652832
mae: 0.5965932607650757
