mse: 0.7489838004112244
mae: 0.6021953821182251
