mse: 0.7417039275169373
mae: 0.5977225303649902
