mse: 0.7417452335357666
mae: 0.5968936085700989
