mse: 0.7410277128219604
mae: 0.5972118973731995
