mse: 0.7435438632965088
mae: 0.6000921726226807
