mse: 0.7392318248748779
mae: 0.5951616764068604
