mse: 0.7408627867698669
mae: 0.5972801446914673
