mse: 0.7445670366287231
mae: 0.5988949537277222
