mse: 0.7440856099128723
mae: 0.5998123288154602
