mse: 0.7451820969581604
mae: 0.5995535254478455
