mse: 0.8714497685432434
mae: 0.671568751335144
