mse: 0.7433926463127136
mae: 0.5998116135597229
