mse: 0.7399486303329468
mae: 0.5967133045196533
