mse: 0.7463877201080322
mae: 0.6004052758216858
