mse: 0.7385508418083191
mae: 0.5953153371810913
