mse: 0.7407211065292358
mae: 0.5968078970909119
