mse: 0.7389968037605286
mae: 0.595265805721283
