mse: 0.7451875805854797
mae: 0.6015180349349976
