mse: 0.777839720249176
mae: 0.6207705140113831
