mse: 0.7404565215110779
mae: 0.5971890091896057
