mse: 0.742466390132904
mae: 0.5990676879882812
