mse: 0.7382583618164062
mae: 0.5951839089393616
