mse: 0.7416647672653198
mae: 0.597723126411438
