mse: 0.7507733106613159
mae: 0.6034440398216248
