mse: 0.7395827770233154
mae: 0.5961591601371765
