mse: 0.7426334023475647
mae: 0.5992746949195862
