mse: 0.745059072971344
mae: 0.601414144039154
