mse: 0.8110607266426086
mae: 0.6410730481147766
