mse: 0.7426714301109314
mae: 0.5995085835456848
