mse: 0.8103377223014832
mae: 0.639623761177063
