mse: 0.7450438737869263
mae: 0.6013609766960144
