mse: 0.7420594096183777
mae: 0.5972427129745483
