mse: 0.741595447063446
mae: 0.5985956192016602
