mse: 0.7916232943534851
mae: 0.6277070045471191
