mse: 0.7537204027175903
mae: 0.6037728190422058
