mse: 0.7499774098396301
mae: 0.6033119559288025
