mse: 0.7444187998771667
mae: 0.6007741093635559
