mse: 0.7396456599235535
mae: 0.5962560772895813
