mse: 0.8403651118278503
mae: 0.6543923020362854
