mse: 0.7414925694465637
mae: 0.598060667514801
