mse: 0.7460261583328247
mae: 0.600719690322876
