mse: 0.7564391493797302
mae: 0.6072455048561096
