mse: 0.7427411675453186
mae: 0.5972585678100586
