mse: 0.7451330423355103
mae: 0.6014184951782227
