mse: 0.7424596548080444
mae: 0.5987721085548401
