mse: 0.7435687184333801
mae: 0.6001020669937134
