mse: 0.7940752506256104
mae: 0.6291168928146362
