mse: 0.7418330907821655
mae: 0.5984781384468079
