mse: 0.7430260181427002
mae: 0.599200963973999
