mse: 0.7414988279342651
mae: 0.598420262336731
