mse: 0.746502697467804
mae: 0.5996863842010498
