mse: 0.7410043478012085
mae: 0.5976889729499817
