mse: 0.7395788431167603
mae: 0.596286416053772
