mse: 0.7407942414283752
mae: 0.5973460078239441
