mse: 0.7411221861839294
mae: 0.5981420874595642
