mse: 0.7726773619651794
mae: 0.6161446571350098
