mse: 0.7427895665168762
mae: 0.5994642376899719
