mse: 0.7439990639686584
mae: 0.6004999279975891
