mse: 0.7410173416137695
mae: 0.5978628396987915
