mse: 0.742449939250946
mae: 0.5990521907806396
