mse: 0.7450647950172424
mae: 0.5995975732803345
