mse: 0.7826483845710754
mae: 0.6242458820343018
