mse: 0.7434250712394714
mae: 0.5999794602394104
