mse: 0.7420171499252319
mae: 0.5989221930503845
