mse: 0.763535737991333
mae: 0.612207293510437
