mse: 0.7650631666183472
mae: 0.6108253002166748
