mse: 0.7440482378005981
mae: 0.6005687117576599
