mse: 0.7445704340934753
mae: 0.6008937358856201
