mse: 0.7401438355445862
mae: 0.5962668657302856
