mse: 0.7394777536392212
mae: 0.5957998633384705
