mse: 0.750350832939148
mae: 0.6024076342582703
