mse: 0.7432844638824463
mae: 0.5997623205184937
