mse: 0.7435157299041748
mae: 0.6000683307647705
