mse: 0.7403998374938965
mae: 0.596694827079773
