mse: 0.7431023120880127
mae: 0.5997427701950073
