mse: 0.7428072690963745
mae: 0.5988083481788635
