mse: 0.7404035925865173
mae: 0.5969118475914001
