mse: 0.7416046261787415
mae: 0.5981665849685669
