mse: 0.7439488172531128
mae: 0.6002243161201477
