mse: 0.8667011260986328
mae: 0.6736010313034058
