mse: 0.7912241220474243
mae: 0.6287520527839661
