mse: 0.7428020238876343
mae: 0.5994937419891357
