mse: 0.7529602646827698
mae: 0.6050403714179993
