mse: 0.7496377229690552
mae: 0.6011006832122803
