mse: 0.7439271807670593
mae: 0.6004752516746521
