mse: 0.7441903352737427
mae: 0.6006596684455872
