mse: 0.7388356328010559
mae: 0.5955133438110352
