mse: 0.7433016300201416
mae: 0.6000213027000427
