mse: 0.7406054735183716
mae: 0.5974149107933044
