mse: 0.742422342300415
mae: 0.599249005317688
