mse: 0.7389159202575684
mae: 0.5954098105430603
