mse: 0.7446330189704895
mae: 0.6000152826309204
