mse: 0.7399312853813171
mae: 0.596467912197113
