mse: 0.7440556883811951
mae: 0.5997838973999023
