mse: 0.7451525926589966
mae: 0.601436972618103
