mse: 0.748127818107605
mae: 0.6022666692733765
