mse: 0.7418686747550964
mae: 0.598592221736908
