mse: 0.743452250957489
mae: 0.59904944896698
