mse: 0.7408334612846375
mae: 0.5976255536079407
