mse: 0.7416247129440308
mae: 0.5983872413635254
