mse: 0.7626248598098755
mae: 0.611097514629364
