mse: 0.7448183298110962
mae: 0.6004545092582703
