mse: 0.7425107955932617
mae: 0.5985901951789856
