mse: 0.7420036196708679
mae: 0.5989086627960205
