mse: 0.7433292865753174
mae: 0.5999224185943604
