mse: 0.7444278597831726
mae: 0.6007974743843079
