mse: 0.8928374648094177
mae: 0.6893028616905212
