mse: 0.7452167272567749
mae: 0.6014788150787354
