mse: 0.7440454363822937
mae: 0.6005009412765503
