mse: 0.7429514527320862
mae: 0.5986068248748779
