mse: 0.7389002442359924
mae: 0.5956037640571594
