mse: 0.744821310043335
mae: 0.5988183617591858
