mse: 0.7430834770202637
mae: 0.5972084403038025
