mse: 0.7412272691726685
mae: 0.5974381566047668
