mse: 0.7451186776161194
mae: 0.6014880537986755
