mse: 0.7528013586997986
mae: 0.6072794198989868
