mse: 0.8365318775177002
mae: 0.6571332812309265
