mse: 0.7449619770050049
mae: 0.5996988415718079
