mse: 0.7407733201980591
mae: 0.5970282554626465
