mse: 0.7444925308227539
mae: 0.5980977416038513
