mse: 0.7417042851448059
mae: 0.5983179807662964
