mse: 0.741051971912384
mae: 0.5977758169174194
