mse: 0.7462669610977173
mae: 0.6009023189544678
