mse: 0.7468220591545105
mae: 0.5997030138969421
