mse: 0.7494899034500122
mae: 0.6026340126991272
