mse: 0.7451931834220886
mae: 0.601535439491272
