mse: 0.7438241243362427
mae: 0.6001516580581665
