mse: 0.7423046231269836
mae: 0.5989013910293579
