mse: 0.7406768202781677
mae: 0.5973007082939148
