mse: 0.7412393093109131
mae: 0.5979927778244019
