mse: 0.7641841769218445
mae: 0.611162543296814
