mse: 0.7403241991996765
mae: 0.596907913684845
