mse: 0.7418962121009827
mae: 0.5982829332351685
