mse: 0.7424194812774658
mae: 0.5990906357765198
