mse: 0.7419877052307129
mae: 0.5987612009048462
