mse: 0.7384676337242126
mae: 0.5954363942146301
