mse: 0.7421625256538391
mae: 0.5986899137496948
