mse: 0.7513881921768188
mae: 0.6041184663772583
