mse: 0.7441182136535645
mae: 0.6004236936569214
