mse: 0.7402473092079163
mae: 0.5971802473068237
