mse: 0.7413844466209412
mae: 0.5980336666107178
