mse: 0.7671563625335693
mae: 0.6128864288330078
