mse: 0.7425670027732849
mae: 0.5991209149360657
