mse: 0.7441860437393188
mae: 0.6006641983985901
