mse: 0.8571949601173401
mae: 0.6693990230560303
