mse: 0.7415002584457397
mae: 0.5982545614242554
