mse: 0.7434881925582886
mae: 0.5999094843864441
