mse: 0.7450250387191772
mae: 0.6013185381889343
