mse: 0.7415452003479004
mae: 0.5967929363250732
