mse: 0.7577186226844788
mae: 0.6064140200614929
