mse: 0.7396684885025024
mae: 0.5958721041679382
