mse: 0.7429028749465942
mae: 0.5996795892715454
