mse: 0.7636201977729797
mae: 0.6114067435264587
