mse: 0.7411707639694214
mae: 0.5977721214294434
