mse: 0.7436769008636475
mae: 0.6001672148704529
