mse: 0.7438533902168274
mae: 0.5994006395339966
