mse: 0.7838536500930786
mae: 0.6238898634910583
