mse: 0.7449769973754883
mae: 0.6013100147247314
