mse: 0.7580703496932983
mae: 0.6075213551521301
