mse: 0.7462401986122131
mae: 0.6010812520980835
