mse: 0.7472532987594604
mae: 0.5996176600456238
