mse: 0.7439884543418884
mae: 0.6005446314811707
