mse: 0.7451512813568115
mae: 0.6014750599861145
