mse: 0.7420397400856018
mae: 0.5989002585411072
