mse: 0.7436801195144653
mae: 0.5987592935562134
