mse: 0.7441704869270325
mae: 0.600625216960907
