mse: 0.741588294506073
mae: 0.5984397530555725
