mse: 0.7451059222221375
mae: 0.6014493107795715
