mse: 0.7415491342544556
mae: 0.5982552170753479
