mse: 0.7434410452842712
mae: 0.6000221371650696
