mse: 0.7620497941970825
mae: 0.6117495894432068
