mse: 0.7528848648071289
mae: 0.6032681465148926
