mse: 0.7394441366195679
mae: 0.5961510539054871
