mse: 0.738650381565094
mae: 0.5952919721603394
