mse: 0.748426616191864
mae: 0.6010395884513855
