mse: 0.7426825165748596
mae: 0.5994558334350586
