mse: 0.742202639579773
mae: 0.5987196564674377
