mse: 0.7429512739181519
mae: 0.599665105342865
