mse: 0.7431067228317261
mae: 0.5994492769241333
