mse: 0.7451869249343872
mae: 0.6014750599861145
