mse: 0.7418608665466309
mae: 0.5979506969451904
