mse: 0.7435015439987183
mae: 0.5995031595230103
