mse: 0.8585656881332397
mae: 0.6686427593231201
