mse: 0.7453030347824097
mae: 0.6015889644622803
