mse: 0.7452150583267212
mae: 0.6015641689300537
