mse: 0.7443131804466248
mae: 0.6007271409034729
