mse: 0.7402687668800354
mae: 0.5972651243209839
