mse: 0.7456299662590027
mae: 0.6006482839584351
