mse: 0.7419382333755493
mae: 0.5971546173095703
