mse: 0.7432204484939575
mae: 0.599688708782196
