mse: 0.7433110475540161
mae: 0.5997522473335266
