mse: 0.7451522946357727
mae: 0.6015143394470215
