mse: 0.8359546661376953
mae: 0.6546310186386108
