mse: 0.7410526871681213
mae: 0.596749484539032
