mse: 0.741586446762085
mae: 0.5981793403625488
