mse: 0.7436356544494629
mae: 0.5989749431610107
