mse: 0.7444329857826233
mae: 0.6007890701293945
