mse: 0.7417142987251282
mae: 0.598371684551239
