mse: 0.8563629388809204
mae: 0.6686422824859619
