mse: 0.7451513409614563
mae: 0.6014320254325867
