mse: 0.7451785206794739
mae: 0.6014506220817566
