mse: 0.74467533826828
mae: 0.6002561450004578
