mse: 0.7417817115783691
mae: 0.5983140468597412
