mse: 0.7589346766471863
mae: 0.6083243489265442
