mse: 0.7412945628166199
mae: 0.5982276201248169
