mse: 0.7574635744094849
mae: 0.6053525805473328
