mse: 0.7416813373565674
mae: 0.5986079573631287
