mse: 0.7436445951461792
mae: 0.59816575050354
