mse: 0.7434600591659546
mae: 0.600337564945221
