mse: 0.7452448606491089
mae: 0.6014625430107117
