mse: 0.7427166700363159
mae: 0.5995581746101379
