mse: 0.7399749159812927
mae: 0.5969637632369995
