mse: 0.7409732937812805
mae: 0.5975443124771118
