mse: 0.742793619632721
mae: 0.5993267297744751
