mse: 0.7661536335945129
mae: 0.613199770450592
