mse: 0.741797149181366
mae: 0.5985329747200012
