mse: 0.757675290107727
mae: 0.6060584783554077
