mse: 0.7441483736038208
mae: 0.6003478765487671
