mse: 0.7432892918586731
mae: 0.5998678207397461
