mse: 0.7432870268821716
mae: 0.5997532606124878
