mse: 0.7434419393539429
mae: 0.5980294942855835
