mse: 0.7441089153289795
mae: 0.6008648872375488
