mse: 0.8577278852462769
mae: 0.6690081357955933
