mse: 0.7447536587715149
mae: 0.5992134809494019
