mse: 0.7436041831970215
mae: 0.6001139283180237
