mse: 0.7451171278953552
mae: 0.6014844179153442
