mse: 0.7426033616065979
mae: 0.5992609262466431
