mse: 0.7452258467674255
mae: 0.6014524698257446
