mse: 0.7403479218482971
mae: 0.5966615676879883
