mse: 0.7418256998062134
mae: 0.5976589322090149
