mse: 0.7409929037094116
mae: 0.5976637005805969
