mse: 0.7399175763130188
mae: 0.5966585278511047
