mse: 0.7438488602638245
mae: 0.600396454334259
