mse: 0.7431023716926575
mae: 0.5996270775794983
