mse: 0.7409188151359558
mae: 0.5973364114761353
