mse: 0.7485606074333191
mae: 0.6016563773155212
