mse: 0.7405049204826355
mae: 0.596746027469635
