mse: 0.7433153390884399
mae: 0.5994797945022583
