mse: 0.7415314316749573
mae: 0.5984945297241211
