mse: 0.7413987517356873
mae: 0.598236620426178
