mse: 0.7452022433280945
mae: 0.60020911693573
