mse: 0.7499524354934692
mae: 0.6024657487869263
