mse: 0.7451311349868774
mae: 0.6014602780342102
