mse: 0.7417461276054382
mae: 0.5984454154968262
