mse: 0.7439742684364319
mae: 0.5984577536582947
