mse: 0.7421503067016602
mae: 0.5980090498924255
