mse: 0.7432082295417786
mae: 0.5997076034545898
