mse: 0.9242442846298218
mae: 0.7044640779495239
