mse: 0.738987922668457
mae: 0.5957760214805603
