mse: 0.7576517462730408
mae: 0.6069350242614746
