mse: 0.744209349155426
mae: 0.6006762385368347
