mse: 0.7427334785461426
mae: 0.5992841124534607
