mse: 0.7421703934669495
mae: 0.5975427627563477
