mse: 0.7434906959533691
mae: 0.5984380841255188
