mse: 0.7659619450569153
mae: 0.611370325088501
