mse: 0.7428333759307861
mae: 0.5995206236839294
