mse: 0.7413411140441895
mae: 0.5983628034591675
