mse: 0.7475372552871704
mae: 0.6017549633979797
