mse: 0.7398669719696045
mae: 0.5959782600402832
