mse: 0.7427695393562317
mae: 0.5991584062576294
