mse: 0.7413058876991272
mae: 0.5969007015228271
