mse: 0.7401793003082275
mae: 0.5967324376106262
