mse: 0.7435436844825745
mae: 0.6000857949256897
