mse: 0.7433591485023499
mae: 0.5999149680137634
