mse: 0.7612137198448181
mae: 0.6132418513298035
