mse: 0.740841269493103
mae: 0.5971845984458923
