mse: 0.7422401905059814
mae: 0.5991391539573669
