mse: 0.7414494156837463
mae: 0.596832275390625
