mse: 0.7398936748504639
mae: 0.595718264579773
