mse: 0.7417035698890686
mae: 0.5972502827644348
