mse: 0.7573595643043518
mae: 0.6058781743049622
