mse: 0.7394413352012634
mae: 0.5963937640190125
