mse: 0.7526915073394775
mae: 0.603820264339447
