mse: 0.7436214685440063
mae: 0.6002405285835266
