mse: 0.7520272731781006
mae: 0.6052243113517761
