mse: 0.7422258853912354
mae: 0.599015474319458
