mse: 0.7424156069755554
mae: 0.5989068746566772
