mse: 0.7418609857559204
mae: 0.5980525016784668
