mse: 0.7415180802345276
mae: 0.5982644557952881
