mse: 0.7450504302978516
mae: 0.6013954877853394
