mse: 0.7439571022987366
mae: 0.6004746556282043
