mse: 0.7462304830551147
mae: 0.6012012362480164
