mse: 0.7412030100822449
mae: 0.5974586606025696
