mse: 0.7436999082565308
mae: 0.6000974774360657
