mse: 0.767619252204895
mae: 0.6139052510261536
