mse: 0.7484756112098694
mae: 0.6020500063896179
