mse: 0.7573714256286621
mae: 0.608445942401886
