mse: 0.739881157875061
mae: 0.5962884426116943
