mse: 0.7431737184524536
mae: 0.5998769998550415
