mse: 0.7409712672233582
mae: 0.597585916519165
