mse: 0.8782357573509216
mae: 0.6790356636047363
