mse: 0.8476848602294922
mae: 0.660980761051178
