mse: 0.7451499700546265
mae: 0.6014090776443481
