mse: 0.7394086122512817
mae: 0.5962782502174377
