mse: 0.7430248856544495
mae: 0.5979273319244385
