mse: 0.750573992729187
mae: 0.6036515235900879
