mse: 0.7397751212120056
mae: 0.5967527031898499
