mse: 0.744359016418457
mae: 0.6007591485977173
