mse: 0.7403597831726074
mae: 0.5972319841384888
