mse: 0.742898166179657
mae: 0.5982571840286255
