mse: 0.7406573295593262
mae: 0.5968546867370605
