mse: 0.7440153360366821
mae: 0.6004284620285034
