mse: 0.7451227903366089
mae: 0.5991789102554321
