mse: 0.7576165795326233
mae: 0.6063657402992249
