mse: 0.74221271276474
mae: 0.5987553596496582
