mse: 0.743295431137085
mae: 0.5998715758323669
