mse: 0.7397251129150391
mae: 0.5964852571487427
