mse: 0.7393410205841064
mae: 0.5962477326393127
