mse: 0.7390403747558594
mae: 0.5959902405738831
