mse: 0.740411102771759
mae: 0.5973120927810669
