mse: 0.740816056728363
mae: 0.5977885723114014
