mse: 0.8028412461280823
mae: 0.636702299118042
