mse: 0.7381559610366821
mae: 0.5950528979301453
