mse: 0.7404167056083679
mae: 0.5968915820121765
