mse: 0.743250846862793
mae: 0.5996394157409668
