mse: 0.7435340285301208
mae: 0.600106954574585
