mse: 0.7707459330558777
mae: 0.617119312286377
