mse: 0.7412564754486084
mae: 0.5978846549987793
