mse: 0.7443803548812866
mae: 0.5993472933769226
