mse: 0.7451623678207397
mae: 0.6014821529388428
