mse: 0.7406105399131775
mae: 0.597486674785614
