mse: 0.7450292110443115
mae: 0.6013186573982239
