mse: 0.7424191832542419
mae: 0.5991197228431702
