mse: 0.8905299305915833
mae: 0.6882091164588928
