mse: 0.7407033443450928
mae: 0.5976390242576599
