mse: 0.7412458658218384
mae: 0.5982772707939148
