mse: 0.8089534640312195
mae: 0.6403406262397766
