mse: 0.7429761290550232
mae: 0.5988396406173706
