mse: 0.741838812828064
mae: 0.5981134176254272
