mse: 0.7429307103157043
mae: 0.5973572134971619
