mse: 0.7437687516212463
mae: 0.6002914905548096
