mse: 0.7527880072593689
mae: 0.6044629812240601
