mse: 0.7483626008033752
mae: 0.6021025776863098
