mse: 0.7459290623664856
mae: 0.6004754900932312
