mse: 0.7419288754463196
mae: 0.5986207723617554
