mse: 0.7427353262901306
mae: 0.5993636250495911
