mse: 0.78867107629776
mae: 0.6275238990783691
