mse: 0.7406485080718994
mae: 0.5972055196762085
