mse: 0.7425877451896667
mae: 0.5982366800308228
