mse: 0.8279479742050171
mae: 0.6512345671653748
