mse: 0.7413419485092163
mae: 0.5973709225654602
