mse: 0.7423959970474243
mae: 0.5990846157073975
