mse: 0.7441186308860779
mae: 0.5984479784965515
