mse: 0.7396630048751831
mae: 0.5955896377563477
