mse: 0.762462317943573
mae: 0.610789954662323
