mse: 0.741568922996521
mae: 0.5983351469039917
