mse: 0.7539004683494568
mae: 0.6055571436882019
