mse: 0.7426453232765198
mae: 0.5992370247840881
