mse: 0.7533091902732849
mae: 0.6048433780670166
