mse: 0.7423519492149353
mae: 0.5990177392959595
