mse: 0.7537227272987366
mae: 0.604188084602356
