mse: 0.7448166012763977
mae: 0.6009159088134766
