mse: 0.7424153685569763
mae: 0.5993294715881348
