mse: 0.7388268709182739
mae: 0.5949991345405579
