mse: 0.7551926374435425
mae: 0.6074576377868652
