mse: 0.7421339750289917
mae: 0.5987042188644409
