mse: 0.7437428832054138
mae: 0.6002203822135925
