mse: 0.7433321475982666
mae: 0.5999771356582642
