mse: 0.746834397315979
mae: 0.6007654666900635
