mse: 0.7451936602592468
mae: 0.6014702320098877
