mse: 0.7452340126037598
mae: 0.6014795899391174
