mse: 0.742846667766571
mae: 0.5985791087150574
