mse: 0.7399358153343201
mae: 0.5961877703666687
