mse: 0.8344742059707642
mae: 0.6549721956253052
