mse: 0.7410290837287903
mae: 0.597686767578125
