mse: 0.7414703369140625
mae: 0.5979657173156738
