mse: 0.7390782833099365
mae: 0.5957373976707458
