mse: 0.742181122303009
mae: 0.5988684296607971
