mse: 0.7433918714523315
mae: 0.6002351641654968
