mse: 0.7417005896568298
mae: 0.5986186861991882
