mse: 0.739665687084198
mae: 0.5965834856033325
