mse: 0.7451613545417786
mae: 0.6014575958251953
