mse: 0.7387605309486389
mae: 0.5956118702888489
