mse: 0.7449119091033936
mae: 0.601296603679657
