mse: 0.7542032599449158
mae: 0.604673445224762
