mse: 0.7483873963356018
mae: 0.6025441884994507
