mse: 0.7391281723976135
mae: 0.5956798195838928
