mse: 0.7424567341804504
mae: 0.5976279377937317
