mse: 0.7422381043434143
mae: 0.5980707406997681
