mse: 0.7433103919029236
mae: 0.5998115539550781
