mse: 0.7435495257377625
mae: 0.6001486778259277
