mse: 0.7458453178405762
mae: 0.5997490882873535
