mse: 0.8926540613174438
mae: 0.6881929039955139
