mse: 0.743260383605957
mae: 0.5999608635902405
