mse: 0.7451024055480957
mae: 0.6014398336410522
