mse: 0.7395758628845215
mae: 0.5957433581352234
