mse: 0.7407981157302856
mae: 0.5976109504699707
