mse: 0.7451111674308777
mae: 0.6014164686203003
