mse: 0.7458969354629517
mae: 0.6000217199325562
