mse: 0.8659507036209106
mae: 0.6717987656593323
