mse: 0.8149152994155884
mae: 0.639854907989502
