mse: 0.7435126900672913
mae: 0.6001279950141907
