mse: 0.7382709980010986
mae: 0.5951089262962341
