mse: 0.741130530834198
mae: 0.5979619026184082
