mse: 0.7434731125831604
mae: 0.6000965237617493
