mse: 0.7450718879699707
mae: 0.6014140248298645
