mse: 0.7435038089752197
mae: 0.6000087857246399
