mse: 0.7409338355064392
mae: 0.5969639420509338
