mse: 0.7496321201324463
mae: 0.6049692034721375
