mse: 0.7569630146026611
mae: 0.607343316078186
