mse: 0.7451152801513672
mae: 0.6014689207077026
