mse: 0.7398667931556702
mae: 0.5965934991836548
