mse: 0.7523638606071472
mae: 0.6044970154762268
