mse: 0.7424272298812866
mae: 0.5992358922958374
