mse: 0.758720874786377
mae: 0.6076539754867554
