mse: 0.7451285719871521
mae: 0.6014218330383301
