mse: 0.7441933751106262
mae: 0.6006561517715454
