mse: 0.810190737247467
mae: 0.640614926815033
