mse: 0.742694079875946
mae: 0.5992063283920288
