mse: 0.7471897602081299
mae: 0.6031657457351685
