mse: 0.7734623551368713
mae: 0.6158808469772339
