mse: 0.7408448457717896
mae: 0.5956041216850281
