mse: 0.7441979646682739
mae: 0.6006597280502319
