mse: 0.7415593862533569
mae: 0.5982502698898315
