mse: 0.7419045567512512
mae: 0.5986166000366211
