mse: 0.7450872659683228
mae: 0.6006447672843933
