mse: 0.7585439085960388
mae: 0.6066063642501831
