mse: 0.7821440100669861
mae: 0.6231195330619812
