mse: 0.7441924214363098
mae: 0.6006630659103394
