mse: 0.7451556324958801
mae: 0.6014344096183777
