mse: 0.7437812685966492
mae: 0.5991325974464417
