mse: 0.7405359148979187
mae: 0.5974417328834534
