mse: 0.740352988243103
mae: 0.5973244905471802
