mse: 0.7444021701812744
mae: 0.5988215804100037
