mse: 0.7724896669387817
mae: 0.6153560280799866
