mse: 0.7487806081771851
mae: 0.6020568013191223
