mse: 0.7395235300064087
mae: 0.5962106585502625
