mse: 0.741500973701477
mae: 0.5979219079017639
