mse: 0.7449168562889099
mae: 0.6013437509536743
