mse: 0.7592028975486755
mae: 0.6082814335823059
