mse: 0.7448126673698425
mae: 0.5997956395149231
