mse: 0.7421405911445618
mae: 0.5990261435508728
