mse: 0.7434425354003906
mae: 0.5989668369293213
