mse: 0.7465195059776306
mae: 0.599170446395874
