mse: 0.744079053401947
mae: 0.600591242313385
