mse: 0.7419032454490662
mae: 0.5987339615821838
