mse: 0.7466256618499756
mae: 0.6008051037788391
