mse: 0.7421481609344482
mae: 0.5985010266304016
