mse: 0.8292604088783264
mae: 0.6513500809669495
