mse: 0.7416790723800659
mae: 0.5983014702796936
