mse: 0.7427862882614136
mae: 0.5993751287460327
