mse: 0.827320396900177
mae: 0.6515246629714966
