mse: 0.7430897951126099
mae: 0.5997249484062195
