mse: 0.7411316633224487
mae: 0.5977725982666016
