mse: 0.7438475489616394
mae: 0.6002658605575562
