mse: 0.7451534867286682
mae: 0.6014942526817322
