mse: 0.7430081963539124
mae: 0.5995928645133972
