mse: 0.7451717257499695
mae: 0.6014541387557983
