mse: 0.7492983341217041
mae: 0.6023947596549988
