mse: 0.77008455991745
mae: 0.6157456636428833
