mse: 0.7437299489974976
mae: 0.6002904176712036
