mse: 0.766662061214447
mae: 0.6142346262931824
