mse: 0.7443300485610962
mae: 0.6007198095321655
