mse: 0.7449079155921936
mae: 0.6013152599334717
