mse: 0.7449207901954651
mae: 0.6012979745864868
