mse: 0.7580196857452393
mae: 0.6065934896469116
