mse: 0.7421756386756897
mae: 0.5986928343772888
