mse: 0.7429217100143433
mae: 0.5990257263183594
