mse: 0.7411598563194275
mae: 0.5979283452033997
