mse: 0.7393847703933716
mae: 0.5957178473472595
