mse: 0.7416958808898926
mae: 0.5982832312583923
