mse: 0.7431819438934326
mae: 0.5984734892845154
