mse: 0.7419949173927307
mae: 0.5975453853607178
