mse: 0.7414620518684387
mae: 0.5980390310287476
