mse: 0.7567009925842285
mae: 0.6100775599479675
