mse: 0.9023798108100891
mae: 0.6934453845024109
