mse: 0.7589298486709595
mae: 0.6071551442146301
