mse: 0.7452346682548523
mae: 0.6014584302902222
