mse: 0.7450252175331116
mae: 0.6013177037239075
