mse: 0.7436357736587524
mae: 0.5993677377700806
