mse: 0.7423409223556519
mae: 0.5983477234840393
