mse: 0.7434669137001038
mae: 0.5995664000511169
