mse: 0.7430163025856018
mae: 0.5990492105484009
