mse: 0.7413126826286316
mae: 0.5976502895355225
