mse: 0.7441796660423279
mae: 0.6006532907485962
