mse: 0.7418888211250305
mae: 0.5985248684883118
