mse: 0.7458681464195251
mae: 0.5993022918701172
