mse: 0.739524245262146
mae: 0.5956670045852661
