mse: 0.7477847337722778
mae: 0.6024890542030334
