mse: 0.7417969703674316
mae: 0.5978590846061707
