mse: 0.7434832453727722
mae: 0.6001299023628235
