mse: 0.7465527057647705
mae: 0.5998529195785522
