mse: 0.7430569529533386
mae: 0.5995950698852539
