mse: 0.7583734393119812
mae: 0.6087856888771057
