mse: 0.7427058815956116
mae: 0.5989526510238647
