mse: 0.7412134408950806
mae: 0.5970425605773926
