mse: 0.7431116700172424
mae: 0.5999056696891785
