mse: 0.7418891191482544
mae: 0.5984141230583191
