mse: 0.8028203248977661
mae: 0.6358997821807861
