mse: 0.7428881525993347
mae: 0.5996507406234741
