mse: 0.7393016815185547
mae: 0.595860481262207
