mse: 0.7412467002868652
mae: 0.5976017117500305
