mse: 0.7378112077713013
mae: 0.5943628549575806
