mse: 0.7396286725997925
mae: 0.5961470603942871
