mse: 0.742615818977356
mae: 0.5992558002471924
