mse: 0.9243491291999817
mae: 0.7042654156684875
