mse: 0.7418909668922424
mae: 0.5980890989303589
