mse: 0.7451021671295166
mae: 0.601435661315918
