mse: 0.7434852123260498
mae: 0.5997745394706726
