mse: 0.7445409297943115
mae: 0.6008582711219788
