mse: 0.7644957900047302
mae: 0.6104933619499207
