mse: 0.7429454922676086
mae: 0.5996566414833069
