mse: 0.7438015341758728
mae: 0.5994731783866882
