mse: 0.8276249766349792
mae: 0.6516891717910767
