mse: 0.7427235245704651
mae: 0.599210798740387
