mse: 0.7423957586288452
mae: 0.5990718603134155
