mse: 0.74382084608078
mae: 0.6003440618515015
