mse: 0.7406880855560303
mae: 0.5976619720458984
