mse: 0.7407936453819275
mae: 0.5972257256507874
