mse: 0.7449781894683838
mae: 0.6013461947441101
