mse: 0.743408739566803
mae: 0.6000783443450928
