mse: 0.7390526533126831
mae: 0.5956354737281799
