mse: 0.7406240701675415
mae: 0.5966415405273438
