mse: 0.7419942021369934
mae: 0.5984305143356323
