mse: 0.74515300989151
mae: 0.6014406085014343
