mse: 0.7436915040016174
mae: 0.5992392897605896
