mse: 0.7500138282775879
mae: 0.6041907668113708
