mse: 0.7495684027671814
mae: 0.6006401777267456
