mse: 0.7439415454864502
mae: 0.6005778908729553
