mse: 0.742111086845398
mae: 0.5989598631858826
