mse: 0.7430064082145691
mae: 0.5986427068710327
