mse: 0.7419041395187378
mae: 0.5979230403900146
