mse: 0.7408832311630249
mae: 0.5976925492286682
