mse: 0.7489115595817566
mae: 0.6009877324104309
