mse: 0.7442155480384827
mae: 0.598896324634552
