mse: 0.743756115436554
mae: 0.6003431677818298
