mse: 0.7528876066207886
mae: 0.6042510867118835
