mse: 0.7530554533004761
mae: 0.6036938428878784
