mse: 0.7424468398094177
mae: 0.5988595485687256
