mse: 0.7442882061004639
mae: 0.6007227897644043
