mse: 0.746043860912323
mae: 0.6001274585723877
