mse: 0.7425515651702881
mae: 0.5986469984054565
