mse: 0.7450863122940063
mae: 0.6014638543128967
