mse: 0.7401701211929321
mae: 0.5968206524848938
