mse: 0.7449221014976501
mae: 0.6013209223747253
