mse: 0.7430838942527771
mae: 0.5996540188789368
