mse: 0.7434561848640442
mae: 0.6000361442565918
