mse: 0.7465681433677673
mae: 0.6007800102233887
