mse: 0.7449035048484802
mae: 0.6013267636299133
