mse: 0.7407969832420349
mae: 0.5968437194824219
