mse: 0.7397149801254272
mae: 0.5962932109832764
