mse: 0.7451575994491577
mae: 0.6015100479125977
