mse: 0.7425086498260498
mae: 0.5992096662521362
