mse: 0.742525577545166
mae: 0.5992976427078247
