mse: 0.743765652179718
mae: 0.5980936288833618
