mse: 0.7590892910957336
mae: 0.6087421774864197
