mse: 0.744254469871521
mae: 0.6006984114646912
