mse: 0.7450808882713318
mae: 0.6014317870140076
