mse: 0.7451378703117371
mae: 0.6014406681060791
