mse: 0.7421352863311768
mae: 0.5988028645515442
