mse: 0.7426950335502625
mae: 0.5989565253257751
