mse: 0.8361174464225769
mae: 0.6559691429138184
