mse: 0.7421796321868896
mae: 0.5988340973854065
