mse: 0.7457404136657715
mae: 0.5992392897605896
