mse: 0.7417356967926025
mae: 0.5985049605369568
