mse: 0.7476438879966736
mae: 0.6006889343261719
