mse: 0.7432894706726074
mae: 0.599872350692749
