mse: 0.7407963871955872
mae: 0.596156656742096
