mse: 0.7452439069747925
mae: 0.6014864444732666
