mse: 0.7594538927078247
mae: 0.6090078949928284
