mse: 0.7403016686439514
mae: 0.5963677167892456
