mse: 0.7414116263389587
mae: 0.5978775024414062
