mse: 0.8061624765396118
mae: 0.6358785033226013
