mse: 0.7435435652732849
mae: 0.6000109314918518
