mse: 0.7451820969581604
mae: 0.601481020450592
