mse: 0.7540344595909119
mae: 0.6056029796600342
