mse: 0.740511953830719
mae: 0.597082257270813
