mse: 0.745016872882843
mae: 0.6013200283050537
