mse: 0.7450924515724182
mae: 0.6014498472213745
