mse: 0.8044789433479309
mae: 0.6364174485206604
