mse: 0.7415622472763062
mae: 0.5977341532707214
