mse: 0.7399028539657593
mae: 0.5968453884124756
