mse: 0.7450712323188782
mae: 0.60140061378479
