mse: 0.7548217177391052
mae: 0.606766939163208
