mse: 0.7409358024597168
mae: 0.5965620875358582
