mse: 0.7587525248527527
mae: 0.607872724533081
