mse: 0.7438070178031921
mae: 0.6003261208534241
