mse: 0.7521449327468872
mae: 0.6031275987625122
