mse: 0.7451519966125488
mae: 0.6014618873596191
