mse: 0.7498319745063782
mae: 0.602840006351471
