mse: 0.7443789839744568
mae: 0.5991894006729126
