mse: 0.7415428161621094
mae: 0.5984543561935425
