mse: 0.7441625595092773
mae: 0.6001430153846741
