mse: 0.7420443296432495
mae: 0.5982323884963989
