mse: 0.7944233417510986
mae: 0.6279264092445374
