mse: 0.7626191973686218
mae: 0.6082398295402527
