mse: 0.7386850714683533
mae: 0.5951290726661682
