mse: 0.7431620955467224
mae: 0.5995319485664368
