mse: 0.7395702600479126
mae: 0.5952957272529602
