mse: 0.7603549361228943
mae: 0.6087408065795898
