mse: 0.748897910118103
mae: 0.6009825468063354
