mse: 0.7451099753379822
mae: 0.6014033555984497
