mse: 0.7451979517936707
mae: 0.6014585494995117
