mse: 0.7407573461532593
mae: 0.5974244475364685
