mse: 0.7381742000579834
mae: 0.5945716500282288
