mse: 0.7534890174865723
mae: 0.605323076248169
