mse: 0.7403102517127991
mae: 0.5964668989181519
