mse: 0.7445054054260254
mae: 0.5994017124176025
