mse: 0.7476754188537598
mae: 0.6005886793136597
