mse: 0.7711276412010193
mae: 0.6152841448783875
