mse: 0.7388363480567932
mae: 0.5957611799240112
