mse: 0.7427158951759338
mae: 0.5992266535758972
