mse: 0.7409602403640747
mae: 0.5975777506828308
