mse: 0.7425859570503235
mae: 0.5991771221160889
