mse: 0.7393010854721069
mae: 0.5958627462387085
