mse: 0.7458706498146057
mae: 0.6006361842155457
