mse: 0.7437226176261902
mae: 0.59878009557724
