mse: 0.7402896881103516
mae: 0.5968498587608337
