mse: 0.7549454569816589
mae: 0.6048441529273987
