mse: 0.7420414686203003
mae: 0.5990949869155884
