mse: 0.740180492401123
mae: 0.5970119833946228
