mse: 0.7421794533729553
mae: 0.5990324020385742
