mse: 0.7472222447395325
mae: 0.6005976796150208
