mse: 0.742652177810669
mae: 0.5993406772613525
