mse: 0.7423406839370728
mae: 0.5989112257957458
