mse: 0.7443588376045227
mae: 0.5980310440063477
