mse: 0.7411884665489197
mae: 0.5980662107467651
