mse: 0.827032744884491
mae: 0.650024950504303
