mse: 0.7409874796867371
mae: 0.5966838598251343
