mse: 0.7425850033760071
mae: 0.5992070436477661
