mse: 0.7437893748283386
mae: 0.6003648042678833
