mse: 0.7421300411224365
mae: 0.5986902117729187
