mse: 0.7423359751701355
mae: 0.5988690853118896
