mse: 0.7424904704093933
mae: 0.5991912484169006
