mse: 0.7465263605117798
mae: 0.6014566421508789
