mse: 0.7427447438240051
mae: 0.5992658734321594
