mse: 0.7735886573791504
mae: 0.6166510581970215
