mse: 0.7542394995689392
mae: 0.606433629989624
