mse: 0.7410427331924438
mae: 0.5975412726402283
