mse: 0.7506851553916931
mae: 0.6039160490036011
