mse: 0.7430387139320374
mae: 0.5998015403747559
