mse: 0.7425221800804138
mae: 0.5991074442863464
