mse: 0.7409438490867615
mae: 0.5973139405250549
