mse: 0.7423272728919983
mae: 0.5985404849052429
