mse: 0.7486354112625122
mae: 0.6016758680343628
