mse: 0.79403156042099
mae: 0.6313101649284363
