mse: 0.740106999874115
mae: 0.5969398617744446
