mse: 0.7409651279449463
mae: 0.5977928042411804
