mse: 0.7420481443405151
mae: 0.5986591577529907
