mse: 0.8440890312194824
mae: 0.6592041254043579
