mse: 0.7414185404777527
mae: 0.5983074307441711
