mse: 0.7411391735076904
mae: 0.5976874232292175
