mse: 0.7457790374755859
mae: 0.59968101978302
