mse: 0.7442066073417664
mae: 0.6006812453269958
