mse: 0.7435347437858582
mae: 0.6000921130180359
