mse: 0.7422599792480469
mae: 0.5985796451568604
