mse: 0.8293889164924622
mae: 0.6492926478385925
