mse: 0.7659757733345032
mae: 0.6130573153495789
