mse: 0.7408460974693298
mae: 0.5971710681915283
