mse: 0.7432904243469238
mae: 0.5987710356712341
