mse: 0.7449723482131958
mae: 0.6002490520477295
