mse: 0.7429792881011963
mae: 0.5996110439300537
