mse: 0.7409970760345459
mae: 0.5974363088607788
