mse: 0.7425082325935364
mae: 0.5986393094062805
