mse: 0.7398643493652344
mae: 0.5964393615722656
