mse: 0.7410995960235596
mae: 0.5976747274398804
