mse: 0.7491114139556885
mae: 0.6019541621208191
