mse: 0.7412220239639282
mae: 0.5982289910316467
