mse: 0.7453624606132507
mae: 0.5827792882919312
