mse: 0.5327977538108826
mae: 0.47156479954719543
