mse: 0.5021997094154358
mae: 0.3703707158565521
