mse: 0.30187222361564636
nan_count: 0
mae: 0.3982606530189514
nan_count: 0
