mse: 0.3045099973678589
nan_count: 0
mae: 0.4000176191329956
nan_count: 0
