mse: 0.30578911304473877
nan_count: 0
mae: 0.4002072513103485
nan_count: 0
