mse: 0.3018667697906494
nan_count: 0
mae: 0.3982468545436859
nan_count: 0
