mse: 0.3084937036037445
nan_count: 0
mae: 0.4025200605392456
nan_count: 0
