mse: 0.30189448595046997
nan_count: 0
mae: 0.3980162739753723
nan_count: 0
