mse: 0.30946651101112366
nan_count: 0
mae: 0.4029271602630615
nan_count: 0
