mse: 0.3018326759338379
nan_count: 0
mae: 0.3981795012950897
nan_count: 0
