mse: 0.3018110990524292
nan_count: 0
mae: 0.3982292115688324
nan_count: 0
