mse: 0.30473554134368896
nan_count: 0
mae: 0.4004361927509308
nan_count: 0
