mse: 0.30174508690834045
nan_count: 0
mae: 0.39802634716033936
nan_count: 0
