mse: 0.29980239272117615
nan_count: 0
mae: 0.39303603768348694
nan_count: 0
