mse: 0.301813006401062
nan_count: 0
mae: 0.3981207609176636
nan_count: 0
