mse: 0.3018360435962677
nan_count: 0
mae: 0.3982095718383789
nan_count: 0
