mse: 0.30322331190109253
nan_count: 0
mae: 0.3954460620880127
nan_count: 0
