mse: 0.30243000388145447
nan_count: 0
mae: 0.3985699415206909
nan_count: 0
