mse: 0.3018900454044342
nan_count: 0
mae: 0.39820072054862976
nan_count: 0
