mse: 0.3074943721294403
nan_count: 0
mae: 0.40285786986351013
nan_count: 0
