mse: 0.30185243487358093
nan_count: 0
mae: 0.3980034589767456
nan_count: 0
