mse: 0.30609655380249023
nan_count: 0
mae: 0.40087297558784485
nan_count: 0
