mse: 0.30420494079589844
nan_count: 0
mae: 0.3997366726398468
nan_count: 0
