mse: 0.3033529222011566
nan_count: 0
mae: 0.3991350829601288
nan_count: 0
