mse: 0.30201223492622375
nan_count: 0
mae: 0.3980601727962494
nan_count: 0
