mse: 0.3018067181110382
nan_count: 0
mae: 0.39816203713417053
nan_count: 0
