mse: 0.3053416609764099
nan_count: 0
mae: 0.40054482221603394
nan_count: 0
