mse: 0.3017958700656891
nan_count: 0
mae: 0.39821484684944153
nan_count: 0
