mse: 0.3134078085422516
nan_count: 0
mae: 0.40692126750946045
nan_count: 0
