mse: 0.30579903721809387
nan_count: 0
mae: 0.40050989389419556
nan_count: 0
