mse: 0.312785267829895
nan_count: 0
mae: 0.4070645272731781
nan_count: 0
