mse: 0.29541611671447754
nan_count: 0
mae: 0.39288029074668884
nan_count: 0
