mse: 0.3018423318862915
nan_count: 0
mae: 0.3982202708721161
nan_count: 0
