mse: 0.30316534638404846
nan_count: 0
mae: 0.3990227282047272
nan_count: 0
