mse: 0.3115190267562866
nan_count: 0
mae: 0.4083574712276459
nan_count: 0
