mse: 0.30224400758743286
nan_count: 0
mae: 0.3984486162662506
nan_count: 0
