mse: 0.30401545763015747
nan_count: 0
mae: 0.3995729982852936
nan_count: 0
