mse: 0.30668073892593384
nan_count: 0
mae: 0.4011681377887726
nan_count: 0
