mse: 0.30251726508140564
nan_count: 0
mae: 0.3986817002296448
nan_count: 0
