mse: 0.3043546676635742
nan_count: 0
mae: 0.39964064955711365
nan_count: 0
