mse: 0.30163922905921936
nan_count: 0
mae: 0.3978443145751953
nan_count: 0
