mse: 0.3031255304813385
nan_count: 0
mae: 0.39894962310791016
nan_count: 0
