mse: 0.30175361037254333
nan_count: 0
mae: 0.39812567830085754
nan_count: 0
