mse: 0.30239155888557434
nan_count: 0
mae: 0.39855656027793884
nan_count: 0
