mse: 0.30674606561660767
nan_count: 0
mae: 0.4012506902217865
nan_count: 0
