mse: 0.3018745183944702
nan_count: 0
mae: 0.3982248902320862
nan_count: 0
