mse: 0.30481934547424316
nan_count: 0
mae: 0.4001868963241577
nan_count: 0
