mse: 0.3062962591648102
nan_count: 0
mae: 0.40255433320999146
nan_count: 0
