mse: 0.30184152722358704
nan_count: 0
mae: 0.3982430398464203
nan_count: 0
