mse: 0.30246588587760925
nan_count: 0
mae: 0.39833906292915344
nan_count: 0
