mse: 0.3016839623451233
nan_count: 0
mae: 0.397818386554718
nan_count: 0
