mse: 0.30167296528816223
nan_count: 0
mae: 0.3962433934211731
nan_count: 0
