mse: 0.30352112650871277
nan_count: 0
mae: 0.39924487471580505
nan_count: 0
