mse: 0.3015662729740143
nan_count: 0
mae: 0.3979724049568176
nan_count: 0
