mse: 0.30188000202178955
nan_count: 0
mae: 0.3982439935207367
nan_count: 0
