mse: 0.3017156422138214
nan_count: 0
mae: 0.3980807662010193
nan_count: 0
