mse: 0.3099896311759949
nan_count: 0
mae: 0.4006163775920868
nan_count: 0
