mse: 0.3016846179962158
nan_count: 0
mae: 0.39800316095352173
nan_count: 0
