mse: 0.3035450875759125
nan_count: 0
mae: 0.39933884143829346
nan_count: 0
