mse: 0.3018611669540405
nan_count: 0
mae: 0.3982015550136566
nan_count: 0
