mse: 0.3043459355831146
nan_count: 0
mae: 0.40021178126335144
nan_count: 0
