mse: 0.30939140915870667
nan_count: 0
mae: 0.4021972715854645
nan_count: 0
