mse: 0.3057103157043457
nan_count: 0
mae: 0.400275856256485
nan_count: 0
