mse: 0.30188578367233276
nan_count: 0
mae: 0.39822402596473694
nan_count: 0
