mse: 0.3049028217792511
nan_count: 0
mae: 0.39971724152565
nan_count: 0
