mse: 0.30498382449150085
nan_count: 0
mae: 0.39968085289001465
nan_count: 0
