mse: 0.30174198746681213
nan_count: 0
mae: 0.39773908257484436
nan_count: 0
