mse: 0.3042263090610504
nan_count: 0
mae: 0.3995295763015747
nan_count: 0
