mse: 0.3059595227241516
nan_count: 0
mae: 0.3999885618686676
nan_count: 0
