mse: 0.3058989942073822
nan_count: 0
mae: 0.4010639190673828
nan_count: 0
