mse: 0.30434688925743103
nan_count: 0
mae: 0.3993871212005615
nan_count: 0
