mse: 0.30961185693740845
nan_count: 0
mae: 0.40387216210365295
nan_count: 0
