mse: 0.3021206259727478
nan_count: 0
mae: 0.3982258141040802
nan_count: 0
