mse: 0.3037283718585968
nan_count: 0
mae: 0.3995010256767273
nan_count: 0
