mse: 0.3078831732273102
nan_count: 0
mae: 0.4020923376083374
nan_count: 0
