mse: 0.30518442392349243
nan_count: 0
mae: 0.4039776027202606
nan_count: 0
