mse: 0.3052864968776703
nan_count: 0
mae: 0.4003732204437256
nan_count: 0
