mse: 0.3041277825832367
nan_count: 0
mae: 0.3993578553199768
nan_count: 0
