mse: 0.30521824955940247
nan_count: 0
mae: 0.40008628368377686
nan_count: 0
