mse: 0.3028583228588104
nan_count: 0
mae: 0.39881208539009094
nan_count: 0
