mse: 0.3018077313899994
nan_count: 0
mae: 0.3981854319572449
nan_count: 0
