mse: 0.30194956064224243
nan_count: 0
mae: 0.39822790026664734
nan_count: 0
