mse: 0.3031313121318817
nan_count: 0
mae: 0.3991788625717163
nan_count: 0
