mse: 0.30197572708129883
nan_count: 0
mae: 0.3981987535953522
nan_count: 0
