mse: 0.306423157453537
nan_count: 0
mae: 0.4008725583553314
nan_count: 0
