mse: 0.3017677068710327
nan_count: 0
mae: 0.3980533480644226
nan_count: 0
