mse: 0.3018771708011627
nan_count: 0
mae: 0.3982640504837036
nan_count: 0
