mse: 0.3083970248699188
nan_count: 0
mae: 0.40305718779563904
nan_count: 0
