mse: 0.2977593243122101
nan_count: 0
mae: 0.39540940523147583
nan_count: 0
