mse: 0.3067038357257843
nan_count: 0
mae: 0.4024670124053955
nan_count: 0
