mse: 0.30187681317329407
nan_count: 0
mae: 0.3982192873954773
nan_count: 0
