mse: 0.3024686276912689
nan_count: 0
mae: 0.39851847290992737
nan_count: 0
