mse: 0.30782854557037354
nan_count: 0
mae: 0.40240851044654846
nan_count: 0
