mse: 0.30189502239227295
nan_count: 0
mae: 0.39812150597572327
nan_count: 0
