mse: 0.3047887086868286
nan_count: 0
mae: 0.4001556932926178
nan_count: 0
