mse: 0.3043745160102844
nan_count: 0
mae: 0.3996810019016266
nan_count: 0
