mse: 0.30175042152404785
nan_count: 0
mae: 0.39785924553871155
nan_count: 0
