mse: 0.3018307685852051
nan_count: 0
mae: 0.3980717360973358
nan_count: 0
