mse: 0.30202749371528625
nan_count: 0
mae: 0.3981347978115082
nan_count: 0
