mse: 0.30349791049957275
nan_count: 0
mae: 0.39931806921958923
nan_count: 0
