mse: 0.30155453085899353
nan_count: 0
mae: 0.39778703451156616
nan_count: 0
