mse: 0.3101787567138672
nan_count: 0
mae: 0.4030328094959259
nan_count: 0
