mse: 0.30183860659599304
nan_count: 0
mae: 0.3979280889034271
nan_count: 0
