mse: 0.3018532991409302
nan_count: 0
mae: 0.3982124328613281
nan_count: 0
