mse: 0.3032248318195343
nan_count: 0
mae: 0.3986765444278717
nan_count: 0
