mse: 0.3073754906654358
nan_count: 0
mae: 0.4028029441833496
nan_count: 0
