mse: 0.30183473229408264
nan_count: 0
mae: 0.398235559463501
nan_count: 0
