mse: 0.3101464807987213
nan_count: 0
mae: 0.40527743101119995
nan_count: 0
