mse: 0.3092278242111206
nan_count: 0
mae: 0.403217613697052
nan_count: 0
