mse: 0.3015230596065521
nan_count: 0
mae: 0.3979286849498749
nan_count: 0
