mse: 0.30237385630607605
nan_count: 0
mae: 0.3984966278076172
nan_count: 0
