mse: 0.3018631637096405
nan_count: 0
mae: 0.3981088399887085
nan_count: 0
