mse: 0.301811546087265
nan_count: 0
mae: 0.39815381169319153
nan_count: 0
