mse: 0.30226048827171326
nan_count: 0
mae: 0.3983287811279297
nan_count: 0
