mse: 0.30793526768684387
nan_count: 0
mae: 0.4021448791027069
nan_count: 0
