mse: 0.3051820397377014
nan_count: 0
mae: 0.4010922312736511
nan_count: 0
