mse: 0.3018425405025482
nan_count: 0
mae: 0.39824458956718445
nan_count: 0
