mse: 0.30181941390037537
nan_count: 0
mae: 0.3981646001338959
nan_count: 0
