mse: 0.30183038115501404
nan_count: 0
mae: 0.3979640305042267
nan_count: 0
