mse: 0.3018645942211151
nan_count: 0
mae: 0.3982059061527252
nan_count: 0
