mse: 0.30871185660362244
nan_count: 0
mae: 0.4027324318885803
nan_count: 0
