mse: 0.3071511685848236
nan_count: 0
mae: 0.4012121260166168
nan_count: 0
