mse: 0.3026503920555115
nan_count: 0
mae: 0.39884448051452637
nan_count: 0
