mse: 0.30840519070625305
nan_count: 0
mae: 0.4014871418476105
nan_count: 0
