mse: 0.30436766147613525
nan_count: 0
mae: 0.39945483207702637
nan_count: 0
