mse: 0.30186834931373596
nan_count: 0
mae: 0.39823317527770996
nan_count: 0
