mse: 0.298034131526947
nan_count: 0
mae: 0.39605996012687683
nan_count: 0
