mse: 0.31536635756492615
nan_count: 0
mae: 0.40754184126853943
nan_count: 0
