mse: 0.3034544587135315
nan_count: 0
mae: 0.3992834687232971
nan_count: 0
