mse: 0.30181723833084106
nan_count: 0
mae: 0.39819982647895813
nan_count: 0
