mse: 0.30188241600990295
nan_count: 0
mae: 0.39826759696006775
nan_count: 0
