mse: 0.30190417170524597
nan_count: 0
mae: 0.39827215671539307
nan_count: 0
