mse: 0.3041173815727234
nan_count: 0
mae: 0.3996514678001404
nan_count: 0
