mse: 0.30185163021087646
nan_count: 0
mae: 0.3982188105583191
nan_count: 0
