mse: 0.30264002084732056
nan_count: 0
mae: 0.39805224537849426
nan_count: 0
