mse: 0.3016773760318756
nan_count: 0
mae: 0.39802053570747375
nan_count: 0
