mse: 0.3095163404941559
nan_count: 0
mae: 0.40323323011398315
nan_count: 0
