mse: 0.30558666586875916
nan_count: 0
mae: 0.3979244530200958
nan_count: 0
