mse: 0.30528345704078674
nan_count: 0
mae: 0.4008253216743469
nan_count: 0
