mse: 0.3072410821914673
nan_count: 0
mae: 0.40125003457069397
nan_count: 0
