mse: 0.3126867115497589
nan_count: 0
mae: 0.4054047167301178
nan_count: 0
