mse: 0.30184057354927063
nan_count: 0
mae: 0.398194819688797
nan_count: 0
