mse: 0.30641090869903564
nan_count: 0
mae: 0.40127769112586975
nan_count: 0
