mse: 0.3060748279094696
nan_count: 0
mae: 0.40058934688568115
nan_count: 0
