mse: 0.3033875823020935
nan_count: 0
mae: 0.3990468680858612
nan_count: 0
