mse: 0.30415430665016174
nan_count: 0
mae: 0.3995882272720337
nan_count: 0
