mse: 0.301876038312912
nan_count: 0
mae: 0.39824753999710083
nan_count: 0
