mse: 0.3082377016544342
nan_count: 0
mae: 0.40174978971481323
nan_count: 0
