mse: 0.30401962995529175
nan_count: 0
mae: 0.3949988782405853
nan_count: 0
