mse: 0.3043559193611145
nan_count: 0
mae: 0.39973607659339905
nan_count: 0
