mse: 0.30183619260787964
nan_count: 0
mae: 0.39818450808525085
nan_count: 0
