mse: 0.30404430627822876
nan_count: 0
mae: 0.39954960346221924
nan_count: 0
