mse: 0.30241823196411133
nan_count: 0
mae: 0.39852645993232727
nan_count: 0
