mse: 0.3056856691837311
nan_count: 0
mae: 0.4003680646419525
nan_count: 0
