mse: 0.3051987588405609
nan_count: 0
mae: 0.3998698890209198
nan_count: 0
