mse: 0.30413174629211426
nan_count: 0
mae: 0.3991517126560211
nan_count: 0
