mse: 0.30251312255859375
nan_count: 0
mae: 0.39866310358047485
nan_count: 0
