mse: 0.30187690258026123
nan_count: 0
mae: 0.39826086163520813
nan_count: 0
