mse: 0.3018283247947693
nan_count: 0
mae: 0.3982207179069519
nan_count: 0
