mse: 0.30503517389297485
nan_count: 0
mae: 0.4002774655818939
nan_count: 0
