mse: 0.30229488015174866
nan_count: 0
mae: 0.3985724151134491
nan_count: 0
