mse: 0.30523306131362915
nan_count: 0
mae: 0.3996885120868683
nan_count: 0
