mse: 0.30181506276130676
nan_count: 0
mae: 0.39821964502334595
nan_count: 0
