mse: 0.3034333884716034
nan_count: 0
mae: 0.39931434392929077
nan_count: 0
