mse: 0.301855206489563
nan_count: 0
mae: 0.39822500944137573
nan_count: 0
