mse: 0.3055862784385681
nan_count: 0
mae: 0.40049856901168823
nan_count: 0
