mse: 0.3079933524131775
nan_count: 0
mae: 0.4028732478618622
nan_count: 0
