mse: 0.3018084466457367
nan_count: 0
mae: 0.39810842275619507
nan_count: 0
