mse: 0.30189386010169983
nan_count: 0
mae: 0.39821791648864746
nan_count: 0
