mse: 0.302177757024765
nan_count: 0
mae: 0.39826932549476624
nan_count: 0
