mse: 0.30857226252555847
nan_count: 0
mae: 0.40320977568626404
nan_count: 0
