mse: 0.30506864190101624
nan_count: 0
mae: 0.40215930342674255
nan_count: 0
