mse: 0.3016376793384552
nan_count: 0
mae: 0.3979424834251404
nan_count: 0
