mse: 0.30408599972724915
nan_count: 0
mae: 0.4007316529750824
nan_count: 0
