mse: 0.30195483565330505
nan_count: 0
mae: 0.39817380905151367
nan_count: 0
