mse: 0.30049774050712585
nan_count: 0
mae: 0.3966166377067566
nan_count: 0
