mse: 0.3019658327102661
nan_count: 0
mae: 0.39815226197242737
nan_count: 0
