mse: 0.3018784821033478
nan_count: 0
mae: 0.39824846386909485
nan_count: 0
