mse: 0.29956185817718506
nan_count: 0
mae: 0.39640823006629944
nan_count: 0
