mse: 0.30184370279312134
nan_count: 0
mae: 0.3981305956840515
nan_count: 0
