mse: 0.29829734563827515
nan_count: 0
mae: 0.3948588967323303
nan_count: 0
