mse: 0.3095890283584595
nan_count: 0
mae: 0.4029182493686676
nan_count: 0
