mse: 0.3045017123222351
nan_count: 0
mae: 0.40087398886680603
nan_count: 0
