mse: 0.30176082253456116
nan_count: 0
mae: 0.3979078531265259
nan_count: 0
