mse: 0.30419859290122986
nan_count: 0
mae: 0.3996448516845703
nan_count: 0
