mse: 0.3015570044517517
nan_count: 0
mae: 0.39784732460975647
nan_count: 0
