mse: 0.301652729511261
nan_count: 0
mae: 0.39795830845832825
nan_count: 0
