mse: 0.30821579694747925
nan_count: 0
mae: 0.40195149183273315
nan_count: 0
