mse: 0.3019903600215912
nan_count: 0
mae: 0.3982028365135193
nan_count: 0
