mse: 0.30186471343040466
nan_count: 0
mae: 0.39807119965553284
nan_count: 0
