mse: 0.3018072545528412
nan_count: 0
mae: 0.39821162819862366
nan_count: 0
