mse: 0.3018072843551636
nan_count: 0
mae: 0.398214191198349
nan_count: 0
