mse: 0.3005816638469696
nan_count: 0
mae: 0.398258239030838
nan_count: 0
