mse: 0.3039538264274597
nan_count: 0
mae: 0.40081220865249634
nan_count: 0
