mse: 0.3020201027393341
nan_count: 0
mae: 0.39814335107803345
nan_count: 0
