mse: 0.30186426639556885
nan_count: 0
mae: 0.3982241153717041
nan_count: 0
