mse: 0.3040739893913269
nan_count: 0
mae: 0.3994688391685486
nan_count: 0
