mse: 0.3023158311843872
nan_count: 0
mae: 0.39849773049354553
nan_count: 0
