mse: 0.3019684851169586
nan_count: 0
mae: 0.39811649918556213
nan_count: 0
