mse: 0.3029147684574127
nan_count: 0
mae: 0.3989027738571167
nan_count: 0
