mse: 0.3036755323410034
nan_count: 0
mae: 0.3995509445667267
nan_count: 0
