mse: 0.3088316023349762
nan_count: 0
mae: 0.4023681879043579
nan_count: 0
