mse: 0.3015597462654114
nan_count: 0
mae: 0.39777737855911255
nan_count: 0
