mse: 0.3018139600753784
nan_count: 0
mae: 0.3981286585330963
nan_count: 0
