mse: 0.30227401852607727
nan_count: 0
mae: 0.3982769250869751
nan_count: 0
