mse: 0.30185940861701965
nan_count: 0
mae: 0.39816924929618835
nan_count: 0
