mse: 0.3091602623462677
nan_count: 0
mae: 0.4035971760749817
nan_count: 0
