mse: 0.30193543434143066
nan_count: 0
mae: 0.3982229232788086
nan_count: 0
