mse: 0.3039970397949219
nan_count: 0
mae: 0.3994463384151459
nan_count: 0
