mse: 0.30177393555641174
nan_count: 0
mae: 0.3981194794178009
nan_count: 0
