mse: 0.3018611669540405
nan_count: 0
mae: 0.39815714955329895
nan_count: 0
