mse: 0.3018423318862915
nan_count: 0
mae: 0.3982192575931549
nan_count: 0
