mse: 0.30553194880485535
nan_count: 0
mae: 0.39992618560791016
nan_count: 0
