mse: 0.30209100246429443
nan_count: 0
mae: 0.3983566164970398
nan_count: 0
