mse: 0.3020554184913635
nan_count: 0
mae: 0.3982146382331848
nan_count: 0
