mse: 0.3030688464641571
nan_count: 0
mae: 0.39889630675315857
nan_count: 0
