mse: 0.30756986141204834
nan_count: 0
mae: 0.4018169939517975
nan_count: 0
