mse: 0.301845908164978
nan_count: 0
mae: 0.39796268939971924
nan_count: 0
