mse: 0.3065136671066284
nan_count: 0
mae: 0.40066108107566833
nan_count: 0
