mse: 0.3017958998680115
nan_count: 0
mae: 0.39812976121902466
nan_count: 0
