mse: 0.3017495572566986
nan_count: 0
mae: 0.3979196548461914
nan_count: 0
