mse: 0.3102911114692688
nan_count: 0
mae: 0.40433844923973083
nan_count: 0
