mse: 0.30446770787239075
nan_count: 0
mae: 0.4016261696815491
nan_count: 0
