mse: 0.30313363671302795
nan_count: 0
mae: 0.39900630712509155
nan_count: 0
