mse: 0.3064285218715668
nan_count: 0
mae: 0.40077367424964905
nan_count: 0
