mse: 0.30358806252479553
nan_count: 0
mae: 0.39926835894584656
nan_count: 0
