mse: 0.3018782138824463
nan_count: 0
mae: 0.39813244342803955
nan_count: 0
