mse: 0.3050289452075958
nan_count: 0
mae: 0.39980319142341614
nan_count: 0
