mse: 0.3047819435596466
nan_count: 0
mae: 0.4008335769176483
nan_count: 0
