mse: 0.30182987451553345
nan_count: 0
mae: 0.3980957567691803
nan_count: 0
