mse: 0.3022756576538086
nan_count: 0
mae: 0.39844024181365967
nan_count: 0
