mse: 0.31056854128837585
nan_count: 0
mae: 0.40035760402679443
nan_count: 0
