mse: 0.30199921131134033
nan_count: 0
mae: 0.3982420265674591
nan_count: 0
