mse: 0.3030933737754822
nan_count: 0
mae: 0.39897099137306213
nan_count: 0
