mse: 0.30366870760917664
nan_count: 0
mae: 0.3994755446910858
nan_count: 0
