mse: 0.3048435151576996
nan_count: 0
mae: 0.40009626746177673
nan_count: 0
