mse: 0.2989756464958191
nan_count: 0
mae: 0.39706698060035706
nan_count: 0
