mse: 0.3069095313549042
nan_count: 0
mae: 0.4029192328453064
nan_count: 0
