mse: 0.30239051580429077
nan_count: 0
mae: 0.3985629081726074
nan_count: 0
