mse: 0.30342769622802734
nan_count: 0
mae: 0.3991304636001587
nan_count: 0
