mse: 0.3026980459690094
nan_count: 0
mae: 0.3991895914077759
nan_count: 0
