mse: 0.3046119213104248
nan_count: 0
mae: 0.4001001715660095
nan_count: 0
