mse: 0.3017946183681488
nan_count: 0
mae: 0.3980146050453186
nan_count: 0
