mse: 0.3018361032009125
nan_count: 0
mae: 0.39813777804374695
nan_count: 0
