mse: 0.3018399477005005
nan_count: 0
mae: 0.398235023021698
nan_count: 0
