mse: 0.30186134576797485
nan_count: 0
mae: 0.398254930973053
nan_count: 0
