mse: 0.3038419485092163
nan_count: 0
mae: 0.39861157536506653
nan_count: 0
