mse: 0.31211450695991516
nan_count: 0
mae: 0.40492966771125793
nan_count: 0
