mse: 0.3043334484100342
nan_count: 0
mae: 0.39971643686294556
nan_count: 0
