mse: 0.3070492446422577
nan_count: 0
mae: 0.40147367119789124
nan_count: 0
