mse: 0.30267369747161865
nan_count: 0
mae: 0.39859697222709656
nan_count: 0
