mse: 0.30392006039619446
nan_count: 0
mae: 0.39859411120414734
nan_count: 0
