mse: 0.30164021253585815
nan_count: 0
mae: 0.39786189794540405
nan_count: 0
