mse: 0.30577442049980164
nan_count: 0
mae: 0.4004139304161072
nan_count: 0
