mse: 0.3038989305496216
nan_count: 0
mae: 0.40003475546836853
nan_count: 0
