mse: 0.3021414875984192
nan_count: 0
mae: 0.3974885940551758
nan_count: 0
