mse: 0.304354727268219
nan_count: 0
mae: 0.3998483121395111
nan_count: 0
