mse: 0.30786198377609253
nan_count: 0
mae: 0.401507169008255
nan_count: 0
