mse: 0.30189448595046997
nan_count: 0
mae: 0.39827096462249756
nan_count: 0
