mse: 0.30178362131118774
nan_count: 0
mae: 0.3980415165424347
nan_count: 0
