mse: 0.30188509821891785
nan_count: 0
mae: 0.3982677459716797
nan_count: 0
