mse: 0.30182939767837524
nan_count: 0
mae: 0.398050457239151
nan_count: 0
