mse: 0.3020704686641693
nan_count: 0
mae: 0.3982131779193878
nan_count: 0
