mse: 0.3128325641155243
nan_count: 0
mae: 0.4055274724960327
nan_count: 0
