mse: 0.3017151951789856
nan_count: 0
mae: 0.39780011773109436
nan_count: 0
