mse: 0.31697410345077515
nan_count: 0
mae: 0.40904560685157776
nan_count: 0
