mse: 0.3064696490764618
nan_count: 0
mae: 0.4010336101055145
nan_count: 0
