mse: 0.30224087834358215
nan_count: 0
mae: 0.3984474241733551
nan_count: 0
