mse: 0.3025504946708679
nan_count: 0
mae: 0.3993985950946808
nan_count: 0
