mse: 0.31262072920799255
nan_count: 0
mae: 0.4091225862503052
nan_count: 0
