mse: 0.3037998676300049
nan_count: 0
mae: 0.3992385268211365
nan_count: 0
