mse: 0.30350565910339355
nan_count: 0
mae: 0.3994658291339874
nan_count: 0
