mse: 0.30554020404815674
nan_count: 0
mae: 0.40042629837989807
nan_count: 0
