mse: 0.30188480019569397
nan_count: 0
mae: 0.3982721269130707
nan_count: 0
