mse: 0.3038448691368103
nan_count: 0
mae: 0.3995508551597595
nan_count: 0
