mse: 0.30417922139167786
nan_count: 0
mae: 0.4000311493873596
nan_count: 0
