mse: 0.3017975389957428
nan_count: 0
mae: 0.39817914366722107
nan_count: 0
