mse: 0.3040091395378113
nan_count: 0
mae: 0.399516224861145
nan_count: 0
