mse: 0.304641455411911
nan_count: 0
mae: 0.39950454235076904
nan_count: 0
