mse: 0.3067780137062073
nan_count: 0
mae: 0.4012886583805084
nan_count: 0
