mse: 0.30444592237472534
nan_count: 0
mae: 0.4000611901283264
nan_count: 0
