mse: 0.3166518807411194
nan_count: 0
mae: 0.40905526280403137
nan_count: 0
