mse: 0.30169913172721863
nan_count: 0
mae: 0.39791956543922424
nan_count: 0
