mse: 0.3020501136779785
nan_count: 0
mae: 0.39821353554725647
nan_count: 0
