mse: 0.30314427614212036
nan_count: 0
mae: 0.39820244908332825
nan_count: 0
