mse: 0.3121497631072998
nan_count: 0
mae: 0.40503910183906555
nan_count: 0
