mse: 0.30558136105537415
nan_count: 0
mae: 0.402117520570755
nan_count: 0
