mse: 0.3018619418144226
nan_count: 0
mae: 0.39825722575187683
nan_count: 0
