mse: 0.30516284704208374
nan_count: 0
mae: 0.400038480758667
nan_count: 0
