mse: 0.30742567777633667
nan_count: 0
mae: 0.40161260962486267
nan_count: 0
