mse: 0.301685631275177
nan_count: 0
mae: 0.3979751169681549
nan_count: 0
