mse: 0.30905789136886597
nan_count: 0
mae: 0.40250149369239807
nan_count: 0
