mse: 0.30184775590896606
nan_count: 0
mae: 0.39822331070899963
nan_count: 0
