mse: 0.30178630352020264
nan_count: 0
mae: 0.39808183908462524
nan_count: 0
