mse: 0.304543137550354
nan_count: 0
mae: 0.3976547122001648
nan_count: 0
