mse: 0.30290845036506653
nan_count: 0
mae: 0.3984551429748535
nan_count: 0
