mse: 0.3020226061344147
nan_count: 0
mae: 0.39820602536201477
nan_count: 0
