mse: 0.3029496669769287
nan_count: 0
mae: 0.39885184168815613
nan_count: 0
