mse: 0.30189675092697144
nan_count: 0
mae: 0.39794331789016724
nan_count: 0
