mse: 0.3043435513973236
nan_count: 0
mae: 0.3999551832675934
nan_count: 0
