mse: 0.3121567368507385
nan_count: 0
mae: 0.40462779998779297
nan_count: 0
