mse: 0.3018495738506317
nan_count: 0
mae: 0.398074209690094
nan_count: 0
