mse: 0.30192092061042786
nan_count: 0
mae: 0.3982084393501282
nan_count: 0
