mse: 0.30839720368385315
nan_count: 0
mae: 0.4020797908306122
nan_count: 0
