mse: 0.301711767911911
nan_count: 0
mae: 0.39796388149261475
nan_count: 0
