mse: 0.3017529547214508
nan_count: 0
mae: 0.39806848764419556
nan_count: 0
