mse: 0.30180102586746216
nan_count: 0
mae: 0.39822107553482056
nan_count: 0
