mse: 0.30187347531318665
nan_count: 0
mae: 0.3982405364513397
nan_count: 0
