mse: 0.301795095205307
nan_count: 0
mae: 0.3981032371520996
nan_count: 0
