mse: 0.30203917622566223
nan_count: 0
mae: 0.3981505036354065
nan_count: 0
