mse: 0.30358830094337463
nan_count: 0
mae: 0.39579614996910095
nan_count: 0
