mse: 0.3023633360862732
nan_count: 0
mae: 0.3983815610408783
nan_count: 0
