mse: 0.3038654029369354
nan_count: 0
mae: 0.399543434381485
nan_count: 0
