mse: 0.30332985520362854
nan_count: 0
mae: 0.39889857172966003
nan_count: 0
