mse: 0.3019151985645294
nan_count: 0
mae: 0.39819175004959106
nan_count: 0
