mse: 0.312263548374176
nan_count: 0
mae: 0.40480726957321167
nan_count: 0
