mse: 0.31196385622024536
nan_count: 0
mae: 0.40543168783187866
nan_count: 0
