mse: 0.30381160974502563
nan_count: 0
mae: 0.39938831329345703
nan_count: 0
