mse: 0.30173325538635254
nan_count: 0
mae: 0.3980572819709778
nan_count: 0
