mse: 0.3018397390842438
nan_count: 0
mae: 0.3982429504394531
nan_count: 0
