mse: 0.3019692301750183
nan_count: 0
mae: 0.3981764614582062
nan_count: 0
