mse: 0.3078872561454773
nan_count: 0
mae: 0.40154874324798584
nan_count: 0
