mse: 0.303127259016037
nan_count: 0
mae: 0.3990057110786438
nan_count: 0
