mse: 0.3052188754081726
nan_count: 0
mae: 0.4004805088043213
nan_count: 0
