mse: 0.30464595556259155
nan_count: 0
mae: 0.3998800814151764
nan_count: 0
