mse: 0.30588316917419434
nan_count: 0
mae: 0.4000326693058014
nan_count: 0
