mse: 0.2996884882450104
nan_count: 0
mae: 0.39412152767181396
nan_count: 0
