mse: 0.3018686771392822
nan_count: 0
mae: 0.3980732858181
nan_count: 0
