mse: 0.3017166256904602
nan_count: 0
mae: 0.3979410231113434
nan_count: 0
