mse: 0.3196626901626587
nan_count: 0
mae: 0.40852969884872437
nan_count: 0
