mse: 0.30185285210609436
nan_count: 0
mae: 0.398070752620697
nan_count: 0
