mse: 0.30172690749168396
nan_count: 0
mae: 0.3979873061180115
nan_count: 0
