mse: 0.29701343178749084
nan_count: 0
mae: 0.39487335085868835
nan_count: 0
