mse: 0.3027562201023102
nan_count: 0
mae: 0.3993390202522278
nan_count: 0
