mse: 0.30400392413139343
nan_count: 0
mae: 0.39959314465522766
nan_count: 0
