mse: 0.3018462657928467
nan_count: 0
mae: 0.3982345461845398
nan_count: 0
