mse: 0.3082868158817291
nan_count: 0
mae: 0.4030546247959137
nan_count: 0
