mse: 0.30847078561782837
nan_count: 0
mae: 0.40285494923591614
nan_count: 0
