mse: 0.3082580268383026
nan_count: 0
mae: 0.4015808701515198
nan_count: 0
