mse: 0.3095454275608063
nan_count: 0
mae: 0.40344202518463135
nan_count: 0
