mse: 0.3018699288368225
nan_count: 0
mae: 0.39825138449668884
nan_count: 0
