mse: 0.301782488822937
nan_count: 0
mae: 0.39815887808799744
nan_count: 0
