mse: 0.30052292346954346
nan_count: 0
mae: 0.3971296548843384
nan_count: 0
