mse: 0.31003233790397644
nan_count: 0
mae: 0.4031924307346344
nan_count: 0
