mse: 0.3018699884414673
nan_count: 0
mae: 0.3981850743293762
nan_count: 0
