mse: 0.30245649814605713
nan_count: 0
mae: 0.39859822392463684
nan_count: 0
