mse: 0.3081200420856476
nan_count: 0
mae: 0.4018973112106323
nan_count: 0
