mse: 0.3048943281173706
nan_count: 0
mae: 0.40024101734161377
nan_count: 0
