mse: 0.2984634339809418
nan_count: 0
mae: 0.3938705027103424
nan_count: 0
