mse: 0.30400994420051575
nan_count: 0
mae: 0.39706364274024963
nan_count: 0
