mse: 0.30172327160835266
nan_count: 0
mae: 0.39799144864082336
nan_count: 0
