mse: 0.3020191788673401
nan_count: 0
mae: 0.3981040418148041
nan_count: 0
