mse: 0.3021814823150635
nan_count: 0
mae: 0.39823117852211
nan_count: 0
