mse: 0.3071627914905548
nan_count: 0
mae: 0.4020169973373413
nan_count: 0
