mse: 0.30258360505104065
nan_count: 0
mae: 0.39874210953712463
nan_count: 0
