mse: 0.3030080199241638
nan_count: 0
mae: 0.3989628255367279
nan_count: 0
