mse: 0.30129995942115784
nan_count: 0
mae: 0.39476701617240906
nan_count: 0
