mse: 0.3069313168525696
nan_count: 0
mae: 0.4019782841205597
nan_count: 0
