mse: 0.3032364249229431
nan_count: 0
mae: 0.3990274667739868
nan_count: 0
