mse: 0.3019326329231262
nan_count: 0
mae: 0.39809656143188477
nan_count: 0
