mse: 0.3042726516723633
nan_count: 0
mae: 0.3994811177253723
nan_count: 0
