mse: 0.30744490027427673
nan_count: 0
mae: 0.40190279483795166
nan_count: 0
