mse: 0.30829721689224243
nan_count: 0
mae: 0.40159815549850464
nan_count: 0
