mse: 0.30313143134117126
nan_count: 0
mae: 0.39902549982070923
nan_count: 0
