mse: 0.30098289251327515
nan_count: 0
mae: 0.39739206433296204
nan_count: 0
