mse: 0.30585214495658875
nan_count: 0
mae: 0.3984440267086029
nan_count: 0
