mse: 0.30507057905197144
nan_count: 0
mae: 0.3998875021934509
nan_count: 0
