mse: 0.3018101155757904
nan_count: 0
mae: 0.3982207477092743
nan_count: 0
