mse: 0.3059755265712738
nan_count: 0
mae: 0.40057700872421265
nan_count: 0
