mse: 0.3037678599357605
nan_count: 0
mae: 0.39939093589782715
nan_count: 0
