mse: 0.30430319905281067
nan_count: 0
mae: 0.3997756242752075
nan_count: 0
