mse: 0.31003230810165405
nan_count: 0
mae: 0.4034050703048706
nan_count: 0
