mse: 0.3085484504699707
nan_count: 0
mae: 0.4023470878601074
nan_count: 0
