mse: 0.3018774688243866
nan_count: 0
mae: 0.39826539158821106
nan_count: 0
