mse: 0.3017261326313019
nan_count: 0
mae: 0.3977678418159485
nan_count: 0
