mse: 0.301582396030426
nan_count: 0
mae: 0.397666335105896
nan_count: 0
