mse: 0.31047964096069336
nan_count: 0
mae: 0.40476924180984497
nan_count: 0
