mse: 0.30179840326309204
nan_count: 0
mae: 0.39821672439575195
nan_count: 0
