mse: 0.3018718361854553
nan_count: 0
mae: 0.3982229232788086
nan_count: 0
