mse: 0.30350741744041443
nan_count: 0
mae: 0.39588165283203125
nan_count: 0
