mse: 0.30462774634361267
nan_count: 0
mae: 0.3991498053073883
nan_count: 0
