mse: 0.3012401759624481
nan_count: 0
mae: 0.39666301012039185
nan_count: 0
