mse: 0.301937073469162
nan_count: 0
mae: 0.3981032073497772
nan_count: 0
