mse: 0.30431872606277466
nan_count: 0
mae: 0.4014135003089905
nan_count: 0
