mse: 0.3018616735935211
nan_count: 0
mae: 0.39818087220191956
nan_count: 0
