mse: 0.30470970273017883
nan_count: 0
mae: 0.40010127425193787
nan_count: 0
