mse: 0.3054172992706299
nan_count: 0
mae: 0.400048166513443
nan_count: 0
