mse: 0.3042956590652466
nan_count: 0
mae: 0.39979007840156555
nan_count: 0
