mse: 0.303681880235672
nan_count: 0
mae: 0.39937475323677063
nan_count: 0
