mse: 0.30483874678611755
nan_count: 0
mae: 0.39987704157829285
nan_count: 0
