mse: 0.3062572777271271
nan_count: 0
mae: 0.4008534550666809
nan_count: 0
