mse: 0.30440184473991394
nan_count: 0
mae: 0.39991772174835205
nan_count: 0
