mse: 0.3019595444202423
nan_count: 0
mae: 0.3980843126773834
nan_count: 0
