mse: 0.30439504981040955
nan_count: 0
mae: 0.3996720314025879
nan_count: 0
