mse: 0.305842787027359
nan_count: 0
mae: 0.4013969302177429
nan_count: 0
