mse: 0.30340832471847534
nan_count: 0
mae: 0.3991633951663971
nan_count: 0
