mse: 0.3017891049385071
nan_count: 0
mae: 0.3981483578681946
nan_count: 0
