mse: 0.3080612123012543
nan_count: 0
mae: 0.40250885486602783
nan_count: 0
