mse: 0.30158522725105286
nan_count: 0
mae: 0.3977736532688141
nan_count: 0
