mse: 0.2976672649383545
nan_count: 0
mae: 0.3952653110027313
nan_count: 0
