mse: 0.3018949627876282
nan_count: 0
mae: 0.3981454074382782
nan_count: 0
