mse: 0.30804243683815
nan_count: 0
mae: 0.4013898968696594
nan_count: 0
