mse: 0.308150976896286
nan_count: 0
mae: 0.40242770314216614
nan_count: 0
