mse: 0.3017924129962921
nan_count: 0
mae: 0.39813169836997986
nan_count: 0
