mse: 0.30435505509376526
nan_count: 0
mae: 0.39982908964157104
nan_count: 0
