mse: 0.3016480803489685
nan_count: 0
mae: 0.3970058262348175
nan_count: 0
