mse: 0.3111885190010071
nan_count: 0
mae: 0.40417197346687317
nan_count: 0
