mse: 0.3018532991409302
nan_count: 0
mae: 0.39819908142089844
nan_count: 0
