mse: 0.29616639018058777
nan_count: 0
mae: 0.39286792278289795
nan_count: 0
