mse: 0.3016202747821808
nan_count: 0
mae: 0.3978733420372009
nan_count: 0
