mse: 0.3016883432865143
nan_count: 0
mae: 0.3978751599788666
nan_count: 0
