mse: 0.30547529458999634
nan_count: 0
mae: 0.4011264741420746
nan_count: 0
