mse: 0.301861435174942
nan_count: 0
mae: 0.39825764298439026
nan_count: 0
