mse: 0.3016904890537262
nan_count: 0
mae: 0.39801090955734253
nan_count: 0
