mse: 0.31060338020324707
nan_count: 0
mae: 0.40459147095680237
nan_count: 0
