mse: 0.3015504479408264
nan_count: 0
mae: 0.3977488577365875
nan_count: 0
