mse: 0.301708459854126
nan_count: 0
mae: 0.39786532521247864
nan_count: 0
