mse: 0.301806777715683
nan_count: 0
mae: 0.3980378210544586
nan_count: 0
