mse: 0.30180761218070984
nan_count: 0
mae: 0.3981391191482544
nan_count: 0
