mse: 0.301813542842865
nan_count: 0
mae: 0.3981025815010071
nan_count: 0
