mse: 0.31176725029945374
nan_count: 0
mae: 0.40198707580566406
nan_count: 0
