mse: 0.3016974925994873
nan_count: 0
mae: 0.3964955508708954
nan_count: 0
