mse: 0.30749401450157166
nan_count: 0
mae: 0.4012523293495178
nan_count: 0
