mse: 0.3045465052127838
nan_count: 0
mae: 0.39976298809051514
nan_count: 0
