mse: 0.3021868169307709
nan_count: 0
mae: 0.3984171450138092
nan_count: 0
