mse: 0.3017841577529907
nan_count: 0
mae: 0.39801618456840515
nan_count: 0
