mse: 0.30200254917144775
nan_count: 0
mae: 0.3981468081474304
nan_count: 0
