mse: 0.3007470369338989
nan_count: 0
mae: 0.39598217606544495
nan_count: 0
