mse: 0.3015415668487549
nan_count: 0
mae: 0.3978588283061981
nan_count: 0
