mse: 0.3008114695549011
nan_count: 0
mae: 0.3967822790145874
nan_count: 0
