mse: 0.3018955886363983
nan_count: 0
mae: 0.3982681334018707
nan_count: 0
