mse: 0.31260785460472107
nan_count: 0
mae: 0.4059855043888092
nan_count: 0
