mse: 0.30987682938575745
nan_count: 0
mae: 0.4010949432849884
nan_count: 0
