mse: 0.3046303689479828
nan_count: 0
mae: 0.39923641085624695
nan_count: 0
