mse: 0.30733734369277954
nan_count: 0
mae: 0.4020245671272278
nan_count: 0
