mse: 0.30301928520202637
nan_count: 0
mae: 0.39889466762542725
nan_count: 0
