mse: 0.303708553314209
nan_count: 0
mae: 0.39945536851882935
nan_count: 0
