mse: 0.3094880282878876
nan_count: 0
mae: 0.40367117524147034
nan_count: 0
