mse: 0.3020232617855072
nan_count: 0
mae: 0.39815279841423035
nan_count: 0
