mse: 0.30353835225105286
nan_count: 0
mae: 0.3994140625
nan_count: 0
