mse: 0.3018420338630676
nan_count: 0
mae: 0.3981005549430847
nan_count: 0
