mse: 0.30206650495529175
nan_count: 0
mae: 0.3981921970844269
nan_count: 0
