mse: 0.2984052896499634
nan_count: 0
mae: 0.3954494893550873
nan_count: 0
