mse: 0.3019556701183319
nan_count: 0
mae: 0.3978957533836365
nan_count: 0
