mse: 0.3018409311771393
nan_count: 0
mae: 0.39824074506759644
nan_count: 0
