mse: 0.30459514260292053
nan_count: 0
mae: 0.39985716342926025
nan_count: 0
