mse: 0.30399641394615173
nan_count: 0
mae: 0.39935630559921265
nan_count: 0
