mse: 0.30319029092788696
nan_count: 0
mae: 0.3990398645401001
nan_count: 0
