mse: 0.30223625898361206
nan_count: 0
mae: 0.3983876407146454
nan_count: 0
