mse: 0.30548688769340515
nan_count: 0
mae: 0.40034496784210205
nan_count: 0
