mse: 0.3018482029438019
nan_count: 0
mae: 0.3982459604740143
nan_count: 0
