mse: 0.3017773926258087
nan_count: 0
mae: 0.3980376124382019
nan_count: 0
