mse: 0.3018319606781006
nan_count: 0
mae: 0.4008984863758087
nan_count: 0
