mse: 0.3017228841781616
nan_count: 0
mae: 0.3979216516017914
nan_count: 0
