mse: 0.3018820285797119
nan_count: 0
mae: 0.3982175588607788
nan_count: 0
