mse: 0.30710965394973755
nan_count: 0
mae: 0.4018446207046509
nan_count: 0
