mse: 0.301958292722702
nan_count: 0
mae: 0.3981058597564697
nan_count: 0
