mse: 0.3072846829891205
nan_count: 0
mae: 0.40469682216644287
nan_count: 0
