mse: 0.3039783239364624
nan_count: 0
mae: 0.39956405758857727
nan_count: 0
