mse: 0.30421996116638184
nan_count: 0
mae: 0.400917112827301
nan_count: 0
