mse: 0.3061545789241791
nan_count: 0
mae: 0.40196606516838074
nan_count: 0
