mse: 0.3051874041557312
nan_count: 0
mae: 0.39984241127967834
nan_count: 0
