mse: 0.29951533675193787
nan_count: 0
mae: 0.3951188623905182
nan_count: 0
