mse: 0.30488231778144836
nan_count: 0
mae: 0.3998147249221802
nan_count: 0
