mse: 0.3013817071914673
nan_count: 0
mae: 0.39766716957092285
nan_count: 0
