mse: 0.3008826971054077
nan_count: 0
mae: 0.3981182873249054
nan_count: 0
