mse: 0.306363582611084
nan_count: 0
mae: 0.4012417793273926
nan_count: 0
