mse: 0.30193570256233215
nan_count: 0
mae: 0.3981926441192627
nan_count: 0
