mse: 0.3017520010471344
nan_count: 0
mae: 0.39798468351364136
nan_count: 0
