mse: 0.31431934237480164
nan_count: 0
mae: 0.40894433856010437
nan_count: 0
