mse: 0.3018760085105896
nan_count: 0
mae: 0.39826250076293945
nan_count: 0
