mse: 0.3045952618122101
nan_count: 0
mae: 0.3994576930999756
nan_count: 0
