mse: 0.29835689067840576
nan_count: 0
mae: 0.3943825364112854
nan_count: 0
