mse: 0.30161601305007935
nan_count: 0
mae: 0.3980256915092468
nan_count: 0
