mse: 0.3018556237220764
nan_count: 0
mae: 0.39822039008140564
nan_count: 0
