mse: 0.3045397698879242
nan_count: 0
mae: 0.39985865354537964
nan_count: 0
