mse: 0.3051946461200714
nan_count: 0
mae: 0.4012994170188904
nan_count: 0
