mse: 0.29906556010246277
nan_count: 0
mae: 0.3965950906276703
nan_count: 0
