mse: 0.30833280086517334
nan_count: 0
mae: 0.402364045381546
nan_count: 0
