mse: 0.3018271327018738
nan_count: 0
mae: 0.39800968766212463
nan_count: 0
