mse: 0.29426106810569763
nan_count: 0
mae: 0.39155471324920654
nan_count: 0
