mse: 0.3018593192100525
nan_count: 0
mae: 0.39819473028182983
nan_count: 0
