mse: 0.3021986782550812
nan_count: 0
mae: 0.3982637822628021
nan_count: 0
