mse: 0.30180099606513977
nan_count: 0
mae: 0.3981618881225586
nan_count: 0
