mse: 0.3083462715148926
nan_count: 0
mae: 0.40223538875579834
nan_count: 0
