mse: 0.3021394908428192
nan_count: 0
mae: 0.3982192575931549
nan_count: 0
