mse: 0.30426234006881714
nan_count: 0
mae: 0.3996671140193939
nan_count: 0
