mse: 0.3018612563610077
nan_count: 0
mae: 0.39822790026664734
nan_count: 0
