mse: 0.3028067946434021
nan_count: 0
mae: 0.39874833822250366
nan_count: 0
