mse: 0.3031367063522339
nan_count: 0
mae: 0.3989715278148651
nan_count: 0
