mse: 0.30540573596954346
nan_count: 0
mae: 0.40045392513275146
nan_count: 0
