mse: 0.3019593358039856
nan_count: 0
mae: 0.39821672439575195
nan_count: 0
