mse: 0.3062044680118561
nan_count: 0
mae: 0.40066489577293396
nan_count: 0
