mse: 0.3036503791809082
nan_count: 0
mae: 0.399455189704895
nan_count: 0
