mse: 0.30229341983795166
nan_count: 0
mae: 0.39831286668777466
nan_count: 0
