mse: 0.3052893579006195
nan_count: 0
mae: 0.4004340171813965
nan_count: 0
