mse: 0.3031444549560547
nan_count: 0
mae: 0.39895910024642944
nan_count: 0
