mse: 0.30181947350502014
nan_count: 0
mae: 0.3980884552001953
nan_count: 0
