mse: 0.3049039840698242
nan_count: 0
mae: 0.4000912010669708
nan_count: 0
