mse: 0.30161768198013306
nan_count: 0
mae: 0.3979388177394867
nan_count: 0
