mse: 0.3018176257610321
nan_count: 0
mae: 0.3981459438800812
nan_count: 0
