mse: 0.3093181848526001
nan_count: 0
mae: 0.4038376808166504
nan_count: 0
