mse: 0.3092826306819916
nan_count: 0
mae: 0.4027654230594635
nan_count: 0
