mse: 0.30305084586143494
nan_count: 0
mae: 0.3989964425563812
nan_count: 0
