mse: 0.30181846022605896
nan_count: 0
mae: 0.3982294797897339
nan_count: 0
