mse: 0.303583562374115
nan_count: 0
mae: 0.39918848872184753
nan_count: 0
