mse: 0.3018937408924103
nan_count: 0
mae: 0.39828065037727356
nan_count: 0
