mse: 0.3038104772567749
nan_count: 0
mae: 0.3993566334247589
nan_count: 0
