mse: 0.30228662490844727
nan_count: 0
mae: 0.3982832431793213
nan_count: 0
