mse: 0.3018052279949188
nan_count: 0
mae: 0.3980143368244171
nan_count: 0
