mse: 0.30673182010650635
nan_count: 0
mae: 0.4016353189945221
nan_count: 0
