mse: 0.3035508394241333
nan_count: 0
mae: 0.39923352003097534
nan_count: 0
