mse: 0.3018116354942322
nan_count: 0
mae: 0.3982033431529999
nan_count: 0
