mse: 0.3030521869659424
nan_count: 0
mae: 0.3989030122756958
nan_count: 0
