mse: 0.30188295245170593
nan_count: 0
mae: 0.3981802463531494
nan_count: 0
