mse: 0.30184248089790344
nan_count: 0
mae: 0.3982447385787964
nan_count: 0
