mse: 0.30305227637290955
nan_count: 0
mae: 0.39892086386680603
nan_count: 0
