mse: 0.30127832293510437
nan_count: 0
mae: 0.39761003851890564
nan_count: 0
