mse: 0.3020317256450653
nan_count: 0
mae: 0.3981580436229706
nan_count: 0
