mse: 0.3133625090122223
nan_count: 0
mae: 0.4049728810787201
nan_count: 0
