mse: 0.30325305461883545
nan_count: 0
mae: 0.3990707993507385
nan_count: 0
