mse: 0.30188462138175964
nan_count: 0
mae: 0.39826932549476624
nan_count: 0
