mse: 0.30163004994392395
nan_count: 0
mae: 0.3979141116142273
nan_count: 0
