mse: 0.3072410225868225
nan_count: 0
mae: 0.4050059914588928
nan_count: 0
