mse: 0.3032718002796173
nan_count: 0
mae: 0.3990682065486908
nan_count: 0
