mse: 0.3019687235355377
nan_count: 0
mae: 0.3982345461845398
nan_count: 0
