mse: 0.3048958480358124
nan_count: 0
mae: 0.3998976945877075
nan_count: 0
