mse: 0.30184271931648254
nan_count: 0
mae: 0.39824655652046204
nan_count: 0
