mse: 0.2979270815849304
nan_count: 0
mae: 0.395291805267334
nan_count: 0
