mse: 0.30439695715904236
nan_count: 0
mae: 0.399349570274353
nan_count: 0
