mse: 0.30173513293266296
nan_count: 0
mae: 0.3979323208332062
nan_count: 0
