mse: 0.2606562674045563
nan_count: 16
mae: 0.3131890892982483
nan_count: 16
