mse: 0.26130807399749756
nan_count: 16
mae: 0.31329402327537537
nan_count: 16
