mse: 0.7969210147857666
mae: 0.7627592086791992
