mse: 0.45537659525871277
nan_count: 0
mae: 0.4364018738269806
nan_count: 0
