mse: 0.4532637298107147
nan_count: 0
mae: 0.4320048689842224
nan_count: 0
