mse: 0.4143117070198059
nan_count: 0
mae: 0.4048213064670563
nan_count: 0
