mse: 0.5938634276390076
nan_count: 0
mae: 0.5415933132171631
nan_count: 0
