mse: 0.41372063755989075
nan_count: 0
mae: 0.40523970127105713
nan_count: 0
