mse: 0.4451695382595062
nan_count: 0
mae: 0.4306662380695343
nan_count: 0
