mse: 0.4483206570148468
nan_count: 0
mae: 0.42906033992767334
nan_count: 0
