mse: 0.41348621249198914
nan_count: 0
mae: 0.4042198956012726
nan_count: 0
