mse: 0.6095628142356873
nan_count: 0
mae: 0.5319216847419739
nan_count: 0
