mse: 0.4520297646522522
nan_count: 0
mae: 0.4328187108039856
nan_count: 0
