mse: 0.41337332129478455
nan_count: 0
mae: 0.4049821197986603
nan_count: 0
