mse: 0.4147675335407257
nan_count: 0
mae: 0.4061053395271301
nan_count: 0
