mse: 0.5157659649848938
nan_count: 0
mae: 0.48049089312553406
nan_count: 0
