mse: 0.5723892450332642
nan_count: 0
mae: 0.5113126635551453
nan_count: 0
