mse: 0.5664693713188171
nan_count: 0
mae: 0.5129645466804504
nan_count: 0
