mse: 0.5513057112693787
nan_count: 0
mae: 0.5144549012184143
nan_count: 0
