mse: 0.5671873092651367
nan_count: 0
mae: 0.5071162581443787
nan_count: 0
