mse: 0.41356974840164185
nan_count: 0
mae: 0.40494441986083984
nan_count: 0
