mse: 0.45556148886680603
nan_count: 0
mae: 0.4355642795562744
nan_count: 0
