mse: 0.4514729380607605
nan_count: 0
mae: 0.4328891336917877
nan_count: 0
