mse: 0.4138040244579315
nan_count: 0
mae: 0.4045352637767792
nan_count: 0
