mse: 0.5189343690872192
nan_count: 0
mae: 0.48630690574645996
nan_count: 0
