mse: 0.41345423460006714
nan_count: 0
mae: 0.40477773547172546
nan_count: 0
