mse: 0.5362992882728577
nan_count: 0
mae: 0.49252551794052124
nan_count: 0
