mse: 0.4530699849128723
nan_count: 0
mae: 0.4327715039253235
nan_count: 0
