mse: 0.41385596990585327
nan_count: 0
mae: 0.4041120707988739
nan_count: 0
