mse: 0.576143205165863
nan_count: 0
mae: 0.5124779939651489
nan_count: 0
