mse: 0.5437589287757874
nan_count: 0
mae: 0.5027403831481934
nan_count: 0
