mse: 0.4134783148765564
nan_count: 0
mae: 0.40446051955223083
nan_count: 0
