mse: 0.4141034185886383
nan_count: 0
mae: 0.40630775690078735
nan_count: 0
