mse: 0.4139348566532135
nan_count: 0
mae: 0.40451955795288086
nan_count: 0
