mse: 0.4485296308994293
nan_count: 0
mae: 0.4322129189968109
nan_count: 0
