mse: 0.5267162322998047
nan_count: 0
mae: 0.48810726404190063
nan_count: 0
