mse: 0.446075439453125
nan_count: 0
mae: 0.42762356996536255
nan_count: 0
