mse: 0.41356807947158813
nan_count: 0
mae: 0.4053247570991516
nan_count: 0
