mse: 0.41416221857070923
nan_count: 0
mae: 0.40493670105934143
nan_count: 0
