mse: 0.41339242458343506
nan_count: 0
mae: 0.4042791724205017
nan_count: 0
