mse: 0.5611150860786438
nan_count: 0
mae: 0.5075363516807556
nan_count: 0
