mse: 0.4508780241012573
nan_count: 0
mae: 0.43232935667037964
nan_count: 0
