mse: 0.4433729350566864
nan_count: 0
mae: 0.42642784118652344
nan_count: 0
