mse: 0.4134138226509094
nan_count: 0
mae: 0.4043341279029846
nan_count: 0
