mse: 0.41401541233062744
nan_count: 0
mae: 0.4049220085144043
nan_count: 0
