mse: 0.4509337544441223
nan_count: 0
mae: 0.4315289855003357
nan_count: 0
