mse: 0.5503541827201843
nan_count: 0
mae: 0.5111370086669922
nan_count: 0
