mse: 0.4474886357784271
nan_count: 0
mae: 0.429029643535614
nan_count: 0
