mse: 0.4427909255027771
nan_count: 0
mae: 0.4277516305446625
nan_count: 0
