mse: 0.5429219603538513
nan_count: 0
mae: 0.5000658631324768
nan_count: 0
