mse: 0.4478522539138794
nan_count: 0
mae: 0.42865023016929626
nan_count: 0
