mse: 0.5531835556030273
nan_count: 0
mae: 0.5049893260002136
nan_count: 0
