mse: 0.14787209033966064
mae: 0.1989516168832779
