mse: 0.1468828171491623
mae: 0.19691383838653564
