mse: 0.14680197834968567
mae: 0.19766177237033844
