mse: 0.14708413183689117
mae: 0.19708949327468872
