mse: 0.1481849104166031
mae: 0.1996065378189087
