mse: 0.1472492665052414
mae: 0.19746556878089905
