mse: 0.1467658132314682
mae: 0.19693316519260406
