mse: 0.14725156128406525
mae: 0.19749926030635834
