mse: 0.1467747837305069
mae: 0.1972895860671997
