mse: 0.14757446944713593
mae: 0.1982084959745407
