mse: 0.1467810571193695
mae: 0.19726219773292542
