mse: 0.14672772586345673
mae: 0.1968642920255661
