mse: 0.14868564903736115
mae: 0.2009574919939041
