mse: 0.14673778414726257
mae: 0.19732311367988586
