mse: 0.14783483743667603
mae: 0.19876670837402344
