mse: 0.14868144690990448
mae: 0.20071429014205933
