mse: 0.14793166518211365
mae: 0.19925355911254883
