mse: 0.14832039177417755
mae: 0.20017185807228088
