mse: 0.14700905978679657
mae: 0.19737696647644043
