mse: 0.14679110050201416
mae: 0.19733630120754242
