mse: 0.1475996971130371
mae: 0.19847318530082703
