mse: 0.14785683155059814
mae: 0.19884639978408813
