mse: 0.1473274827003479
mae: 0.19783960282802582
