mse: 0.1468142718076706
mae: 0.1969265192747116
