mse: 0.1473369002342224
mae: 0.19769737124443054
