mse: 0.14869146049022675
mae: 0.20057137310504913
