mse: 0.1468430608510971
mae: 0.1977410763502121
