mse: 0.146770179271698
mae: 0.1968393325805664
