mse: 0.14684097468852997
mae: 0.1977388560771942
