mse: 0.14677760004997253
mae: 0.19724802672863007
