mse: 0.14710372686386108
mae: 0.197358176112175
