mse: 0.14679111540317535
mae: 0.19707584381103516
