mse: 0.14822332561016083
mae: 0.19966644048690796
