mse: 0.14676247537136078
mae: 0.19693206250667572
