mse: 0.14693497121334076
mae: 0.19701668620109558
