mse: 0.14675287902355194
mae: 0.1969943791627884
