mse: 0.146985724568367
mae: 0.19704829156398773
