mse: 0.1466577798128128
mae: 0.19691717624664307
