mse: 0.14785200357437134
mae: 0.1988263577222824
