mse: 0.1467730551958084
mae: 0.19694022834300995
