mse: 0.14822275936603546
mae: 0.19986581802368164
