mse: 0.1472366601228714
mae: 0.19751709699630737
