mse: 0.1482395976781845
mae: 0.19973959028720856
