mse: 0.14751002192497253
mae: 0.19803419709205627
