mse: 0.14753581583499908
mae: 0.19817495346069336
