mse: 0.14868861436843872
mae: 0.20089523494243622
