mse: 0.14737501740455627
mae: 0.1982489973306656
