mse: 0.1470058262348175
mae: 0.1971033811569214
