mse: 0.1468605101108551
mae: 0.1968376338481903
