mse: 0.14823035895824432
mae: 0.19980978965759277
