mse: 0.14676253497600555
mae: 0.19705109298229218
