mse: 0.14784014225006104
mae: 0.19888056814670563
