mse: 0.1476111114025116
mae: 0.19883283972740173
