mse: 0.14787109196186066
mae: 0.19870591163635254
