mse: 0.147292360663414
mae: 0.1982891857624054
