mse: 0.14694534242153168
mae: 0.19687297940254211
