mse: 0.14683513343334198
mae: 0.19772771000862122
