mse: 0.14687567949295044
mae: 0.19709430634975433
