mse: 0.14689891040325165
mae: 0.19684383273124695
