mse: 0.14678490161895752
mae: 0.19692780077457428
