mse: 0.147038534283638
mae: 0.19706164300441742
