mse: 0.14825448393821716
mae: 0.19957229495048523
