mse: 0.14717711508274078
mae: 0.19776280224323273
