mse: 0.14866991341114044
mae: 0.200968936085701
