mse: 0.1467929482460022
mae: 0.19768768548965454
