mse: 0.14674966037273407
mae: 0.19691921770572662
