mse: 0.14874161779880524
mae: 0.20098678767681122
