mse: 0.1467065066099167
mae: 0.19691331684589386
