mse: 0.14704594016075134
mae: 0.1970851868391037
