mse: 0.14684025943279266
mae: 0.19774369895458221
