mse: 0.1469663679599762
mae: 0.19751207530498505
