mse: 0.1467648297548294
mae: 0.19724024832248688
