mse: 0.14714238047599792
mae: 0.19731099903583527
