mse: 0.14755326509475708
mae: 0.1980101615190506
