mse: 0.14679716527462006
mae: 0.19678865373134613
