mse: 0.1482691913843155
mae: 0.1998887062072754
