mse: 0.1467760056257248
mae: 0.19724996387958527
