mse: 0.14688149094581604
mae: 0.19683459401130676
