mse: 0.1468374878168106
mae: 0.1977323591709137
