mse: 0.14681130647659302
mae: 0.1968049556016922
