mse: 0.1470237821340561
mae: 0.1970866471529007
