mse: 0.14688986539840698
mae: 0.19685441255569458
