mse: 0.14677567780017853
mae: 0.19695107638835907
