mse: 0.1468053162097931
mae: 0.19680023193359375
