mse: 0.14897233247756958
mae: 0.2023257166147232
