mse: 0.1468387395143509
mae: 0.1977378875017166
