mse: 0.1467936784029007
mae: 0.19727614521980286
