mse: 0.14684447646141052
mae: 0.19684064388275146
