mse: 0.14682763814926147
mae: 0.19684532284736633
