mse: 0.14829038083553314
mae: 0.20071864128112793
