mse: 0.14667381346225739
mae: 0.1971346139907837
