mse: 0.14670583605766296
mae: 0.19706465303897858
