mse: 0.14752572774887085
mae: 0.19808408617973328
