mse: 0.14782631397247314
mae: 0.19893187284469604
