mse: 0.14821000397205353
mae: 0.19987913966178894
