mse: 0.14721743762493134
mae: 0.19754654169082642
