mse: 0.147733673453331
mae: 0.1993769407272339
