mse: 0.1497599333524704
mae: 0.20416590571403503
