mse: 0.14729176461696625
mae: 0.19747105240821838
