mse: 0.14689002931118011
mae: 0.19682535529136658
