mse: 0.14680397510528564
mae: 0.19679191708564758
