mse: 0.14678072929382324
mae: 0.19725263118743896
