mse: 0.1474941074848175
mae: 0.19815772771835327
