mse: 0.1468278467655182
mae: 0.19771966338157654
