mse: 0.14725328981876373
mae: 0.19756056368350983
