mse: 0.15066367387771606
mae: 0.20622217655181885
