mse: 0.14751049876213074
mae: 0.19811446964740753
