mse: 0.1467752605676651
mae: 0.1967792510986328
