mse: 0.14869947731494904
mae: 0.20079976320266724
