mse: 0.147038534283638
mae: 0.1971212774515152
