mse: 0.1467963010072708
mae: 0.19697968661785126
