mse: 0.1468428373336792
mae: 0.19773323833942413
