mse: 0.4485912621021271
mae: 0.3745119273662567
