mse: 0.4845358729362488
mae: 0.4661707878112793
