mse: 0.48385167121887207
mae: 0.4659634530544281
