mse: 0.4837823510169983
mae: 0.46605271100997925
