mse: 0.4838966131210327
mae: 0.466060072183609
