mse: 0.4840109348297119
mae: 0.4660608470439911
