mse: 0.48369666934013367
mae: 0.4661021828651428
