mse: 0.48377060890197754
mae: 0.4661335349082947
