mse: 0.4850695729255676
mae: 0.46643123030662537
