mse: 0.4838069975376129
mae: 0.4660879075527191
