mse: 0.48379310965538025
mae: 0.46612128615379333
