mse: 0.48398783802986145
mae: 0.46598654985427856
