mse: 0.48404398560523987
mae: 0.4659804105758667
