mse: 0.47893452644348145
mae: 0.4622647166252136
