mse: 0.48378902673721313
mae: 0.4660084545612335
