mse: 0.4841592013835907
mae: 0.46603041887283325
