mse: 0.486744225025177
mae: 0.4674626588821411
