mse: 0.5354759693145752
mae: 0.5136268138885498
