mse: 0.48758912086486816
mae: 0.470469206571579
