mse: 0.48549848794937134
mae: 0.46781980991363525
