mse: 0.48826971650123596
mae: 0.4703892171382904
