mse: 0.49059680104255676
mae: 0.4711255133152008
