mse: 0.5137128233909607
mae: 0.49771392345428467
