mse: 0.48847660422325134
mae: 0.4706179201602936
