mse: 0.48986271023750305
mae: 0.4705813229084015
