mse: 0.49019914865493774
mae: 0.4730128049850464
