mse: 0.5735329389572144
mae: 0.5364601612091064
