mse: 0.4898664951324463
mae: 0.47151488065719604
