mse: 0.5499483346939087
mae: 0.5177042484283447
