mse: 0.4872584342956543
mae: 0.4692654609680176
