mse: 0.5057616829872131
mae: 0.4799818992614746
