mse: 0.4908745288848877
mae: 0.4716869294643402
