mse: 0.4958357512950897
mae: 0.47546127438545227
