mse: 0.49333277344703674
mae: 0.47457027435302734
