mse: 0.4779752194881439
mae: 0.4680594503879547
