mse: 0.48758289217948914
mae: 0.4689902067184448
