mse: 0.48554304242134094
mae: 0.46518266201019287
