mse: 0.48696407675743103
mae: 0.4684218764305115
