mse: 0.48796501755714417
mae: 0.47015824913978577
