mse: 0.4848859906196594
mae: 0.4663090705871582
