mse: 0.49013811349868774
mae: 0.47151610255241394
