mse: 0.4911314845085144
mae: 0.4715522229671478
