mse: 0.488504558801651
mae: 0.47066107392311096
