mse: 0.4871211349964142
mae: 0.4716489911079407
