mse: 0.48771932721138
mae: 0.46955034136772156
