mse: 0.4826296269893646
mae: 0.46778807044029236
