mse: 0.4988372027873993
mae: 0.47659122943878174
