mse: 0.4877840280532837
mae: 0.4710931181907654
