mse: 0.488113671541214
mae: 0.47139301896095276
