mse: 0.48825135827064514
mae: 0.47074875235557556
