mse: 0.49096930027008057
mae: 0.4716112017631531
