mse: 0.49123427271842957
mae: 0.47136157751083374
