mse: 0.48878610134124756
mae: 0.470424085855484
