mse: 0.48761695623397827
mae: 0.46927329897880554
