mse: 0.48815199732780457
mae: 0.469870001077652
