mse: 0.48834463953971863
mae: 0.47135841846466064
