mse: 0.49565228819847107
mae: 0.47550687193870544
