mse: 0.5123886466026306
mae: 0.48865965008735657
