mse: 0.4940183162689209
mae: 0.4755471646785736
