mse: 0.5035892724990845
mae: 0.47847068309783936
