mse: 0.49124062061309814
mae: 0.47188085317611694
