mse: 0.49125614762306213
mae: 0.4715076684951782
