mse: 0.4877481162548065
mae: 0.47242802381515503
