mse: 0.487810879945755
mae: 0.47057855129241943
