mse: 0.49408259987831116
mae: 0.4744851887226105
