mse: 0.4886080026626587
mae: 0.47069481015205383
