mse: 0.486557275056839
mae: 0.4706571400165558
