mse: 0.4881977140903473
mae: 0.4719766080379486
