mse: 0.4878024756908417
mae: 0.47090399265289307
