mse: 0.4823732078075409
mae: 0.4642748236656189
