mse: 0.48789775371551514
mae: 0.47029244899749756
