mse: 0.5476779937744141
mae: 0.5217572450637817
