mse: 0.5002559423446655
mae: 0.4771178364753723
