mse: 0.48948293924331665
mae: 0.4710320234298706
