mse: 0.4882226288318634
mae: 0.47086629271507263
