mse: 0.4876900017261505
mae: 0.4696205258369446
