mse: 0.4888383150100708
mae: 0.4705865979194641
