mse: 0.49707233905792236
mae: 0.47540974617004395
