mse: 0.48977771401405334
mae: 0.4712986648082733
