mse: 0.487025648355484
mae: 0.47125351428985596
