mse: 0.48928722739219666
mae: 0.4704704284667969
