mse: 0.4944506287574768
mae: 0.47501760721206665
