mse: 0.48746511340141296
mae: 0.4719836711883545
