mse: 0.489898681640625
mae: 0.47135183215141296
