mse: 0.516791045665741
mae: 0.49469295144081116
