mse: 0.4878300428390503
mae: 0.47041839361190796
