mse: 0.5103974342346191
mae: 0.4843127727508545
