mse: 0.5616949200630188
mae: 0.5238725543022156
