mse: 0.4747397303581238
mae: 0.46130815148353577
