mse: 0.4893021881580353
mae: 0.469717413187027
