mse: 0.48760688304901123
mae: 0.46920958161354065
