mse: 0.4876920282840729
mae: 0.46983587741851807
