mse: 0.4880824685096741
mae: 0.47117558121681213
