mse: 0.4917314350605011
mae: 0.47239676117897034
