mse: 0.5069184303283691
mae: 0.4855159819126129
