mse: 0.4782319664955139
mae: 0.46234840154647827
