mse: 0.5135418772697449
mae: 0.4857785701751709
