mse: 0.48768147826194763
mae: 0.4707581102848053
