mse: 0.48771899938583374
mae: 0.4696933329105377
