mse: 0.4972376227378845
mae: 0.47568657994270325
