mse: 0.49051758646965027
mae: 0.47148051857948303
