mse: 0.49208566546440125
mae: 0.47355562448501587
