mse: 0.48788902163505554
mae: 0.4703400731086731
