mse: 0.4977801740169525
mae: 0.4760408401489258
