mse: 0.49028027057647705
mae: 0.4711761176586151
