mse: 0.49083641171455383
mae: 0.47339731454849243
