mse: 0.4885576069355011
mae: 0.4701341390609741
