mse: 0.4899534583091736
mae: 0.4709615707397461
