mse: 0.4889278709888458
mae: 0.47066447138786316
