mse: 0.4760965406894684
mae: 0.4617919325828552
