mse: 0.49983128905296326
mae: 0.4770447909832001
