mse: 0.48824575543403625
mae: 0.47159436345100403
