mse: 0.4876804053783417
mae: 0.47056859731674194
