mse: 0.4885905086994171
mae: 0.4707595109939575
