mse: 0.4876970946788788
mae: 0.47075140476226807
