mse: 0.49107253551483154
mae: 0.4718101918697357
