mse: 0.549309253692627
mae: 0.5189343094825745
