mse: 0.5087500214576721
mae: 0.49411019682884216
