mse: 0.48753562569618225
mae: 0.4700116515159607
