mse: 0.48802685737609863
mae: 0.4698783755302429
