mse: 0.521888256072998
mae: 0.5005670785903931
