mse: 0.4960467517375946
mae: 0.47519081830978394
