mse: 0.49269890785217285
mae: 0.47300252318382263
