mse: 0.4867669939994812
mae: 0.464639812707901
