mse: 0.4980197250843048
mae: 0.47600817680358887
