mse: 0.500408411026001
mae: 0.47731122374534607
