mse: 0.49078598618507385
mae: 0.47138547897338867
