mse: 0.4864051938056946
mae: 0.47114843130111694
