mse: 0.5062907934188843
mae: 0.4802112579345703
