mse: 0.49137455224990845
mae: 0.47355884313583374
