mse: 0.4910980463027954
mae: 0.47155916690826416
