mse: 0.48760759830474854
mae: 0.4703611731529236
