mse: 0.5007717609405518
mae: 0.4775428771972656
