mse: 0.4868978261947632
mae: 0.4716714918613434
