mse: 0.5063258409500122
mae: 0.4800522029399872
