mse: 0.49441349506378174
mae: 0.47416478395462036
