mse: 0.48791787028312683
mae: 0.4684161841869354
