mse: 0.48753535747528076
mae: 0.46932676434516907
