mse: 0.4919794201850891
mae: 0.47155582904815674
