mse: 0.4758821725845337
mae: 0.46145710349082947
