mse: 0.5634660124778748
mae: 0.5278933644294739
