mse: 0.5017347931861877
mae: 0.4777582585811615
