mse: 0.49011939764022827
mae: 0.4715034067630768
