mse: 0.4896928071975708
mae: 0.4728650152683258
