mse: 0.49954211711883545
mae: 0.4808138906955719
