mse: 0.4969923198223114
mae: 0.4756723642349243
