mse: 0.48748713731765747
mae: 0.4701888859272003
