mse: 0.5004097819328308
mae: 0.47762349247932434
