mse: 0.49540695548057556
mae: 0.4753316640853882
