mse: 0.5088422894477844
mae: 0.4926305413246155
