mse: 0.518735945224762
mae: 0.5000033974647522
