mse: 0.5112823247909546
mae: 0.48841214179992676
