mse: 0.48769715428352356
mae: 0.4704510569572449
