mse: 0.48763617873191833
mae: 0.46914198994636536
