mse: 0.48808401823043823
mae: 0.47006648778915405
