mse: 0.4877796173095703
mae: 0.47078487277030945
