mse: 0.48774996399879456
mae: 0.4704049825668335
