mse: 0.48757708072662354
mae: 0.47016698122024536
