mse: 0.4885285496711731
mae: 0.4695799946784973
