mse: 0.4876972436904907
mae: 0.4696570634841919
