mse: 0.504824161529541
mae: 0.47906604409217834
