mse: 0.5571820139884949
mae: 0.5287564992904663
