mse: 0.4880223870277405
mae: 0.46998515725135803
