mse: 0.4954284727573395
mae: 0.4753875434398651
