mse: 0.4897863268852234
mae: 0.4712769091129303
