mse: 0.4909308850765228
mae: 0.47373178601264954
