mse: 0.4881824254989624
mae: 0.46970388293266296
