mse: 0.4875800311565399
mae: 0.4724447727203369
