mse: 0.47909462451934814
mae: 0.4623837172985077
