mse: 0.48329755663871765
mae: 0.4632786214351654
