mse: 0.501521646976471
mae: 0.4779583811759949
