mse: 0.48873990774154663
mae: 0.4706505835056305
