mse: 0.4851916432380676
mae: 0.4682515263557434
