mse: 0.4891526699066162
mae: 0.4709749221801758
