mse: 0.5824625492095947
mae: 0.5429789423942566
