mse: 0.505489706993103
mae: 0.4795142412185669
