mse: 0.4876708388328552
mae: 0.47064289450645447
