mse: 0.4881884455680847
mae: 0.4706296920776367
