mse: 0.4877367615699768
mae: 0.46957895159721375
