mse: 0.488047331571579
mae: 0.4710400402545929
