mse: 0.4876251220703125
mae: 0.46876418590545654
