mse: 0.48797890543937683
mae: 0.4724540710449219
