mse: 0.5267906785011292
mae: 0.5070546865463257
