mse: 0.4888575077056885
mae: 0.47061893343925476
