mse: 0.48818984627723694
mae: 0.47072866559028625
