mse: 0.48744267225265503
mae: 0.4703235626220703
