mse: 0.5656026601791382
mae: 0.5275803804397583
