mse: 0.4941886067390442
mae: 0.47388458251953125
