mse: 0.48831692337989807
mae: 0.4704202711582184
