mse: 0.4877897799015045
mae: 0.4703824818134308
