mse: 0.489265501499176
mae: 0.47074267268180847
