mse: 0.4895493686199188
mae: 0.47117727994918823
