mse: 0.49126991629600525
mae: 0.4724627435207367
