mse: 0.5721576809883118
mae: 0.5337653756141663
