mse: 0.49001556634902954
mae: 0.47069278359413147
