mse: 0.4877473711967468
mae: 0.4694645404815674
