mse: 0.487502783536911
mae: 0.4708540439605713
