mse: 0.5280929207801819
mae: 0.5043790936470032
