mse: 0.4876854717731476
mae: 0.47054025530815125
