mse: 0.48387032747268677
mae: 0.4670141935348511
