mse: 0.4931749105453491
mae: 0.4732510447502136
