mse: 0.4865337014198303
mae: 0.47049975395202637
