mse: 0.49207746982574463
mae: 0.4738292992115021
