mse: 0.48802483081817627
mae: 0.470236212015152
