mse: 0.48779958486557007
mae: 0.4707140326499939
