mse: 0.4910864233970642
mae: 0.4717414677143097
