mse: 0.4938820004463196
mae: 0.47410139441490173
