mse: 0.5013140439987183
mae: 0.4777337312698364
