mse: 0.48810598254203796
mae: 0.47232112288475037
