mse: 0.49009016156196594
mae: 0.47140851616859436
