mse: 0.48831287026405334
mae: 0.470854252576828
