mse: 0.4885449707508087
mae: 0.47036412358283997
