mse: 0.48777487874031067
mae: 0.4702187478542328
