mse: 0.4876878261566162
mae: 0.4709092974662781
