mse: 0.510364294052124
mae: 0.482512503862381
