mse: 0.4896279275417328
mae: 0.4708765149116516
