mse: 0.4877612590789795
mae: 0.4697372615337372
