mse: 0.5079801082611084
mae: 0.4900430142879486
