mse: 0.5024417042732239
mae: 0.4781392812728882
