mse: 0.4885365068912506
mae: 0.47156739234924316
