mse: 0.4911927878856659
mae: 0.47160449624061584
