mse: 0.4900343418121338
mae: 0.47241753339767456
