mse: 0.49079760909080505
mae: 0.47279122471809387
