mse: 0.4881550669670105
mae: 0.47075581550598145
