mse: 0.4922129511833191
mae: 0.4733145833015442
