mse: 0.5355295538902283
mae: 0.5106844902038574
