mse: 0.5058009028434753
mae: 0.4817679524421692
