mse: 0.49122169613838196
mae: 0.4714854657649994
