mse: 0.5365715622901917
mae: 0.5083744525909424
