mse: 0.4872053563594818
mae: 0.47167423367500305
