mse: 0.48717737197875977
mae: 0.4682953357696533
