mse: 0.49018824100494385
mae: 0.47153332829475403
