mse: 0.48808425664901733
mae: 0.46863237023353577
