mse: 0.4902946949005127
mae: 0.47200584411621094
