mse: 0.48774370551109314
mae: 0.4697505533695221
