mse: 0.49599942564964294
mae: 0.4752105176448822
