mse: 0.476328045129776
mae: 0.46821847558021545
