mse: 0.49346938729286194
mae: 0.4743843376636505
