mse: 0.4912886321544647
mae: 0.47163161635398865
