mse: 0.4899178743362427
mae: 0.4705771505832672
