mse: 0.404912531375885
nan_count: 0
mae: 0.47119754552841187
nan_count: 0
