mse: 0.37936410307884216
nan_count: 0
mae: 0.4524914622306824
nan_count: 0
