mse: 0.4573390781879425
mae: 0.3663908541202545
