mse: 0.3167303502559662
mae: 0.3638526201248169
