mse: 0.9016165733337402
mae: 0.502145528793335
