mse: 2.51218581199646
mae: 1.17685866355896
