mse: 6.072709560394287
mae: 2.08134388923645
