mse: 0.9021409153938293
mae: 0.4977635443210602
