mse: 0.92375648021698
mae: 0.5011043548583984
