mse: 0.8999912738800049
mae: 0.513712465763092
