mse: 1.0552492141723633
mae: 0.5459253191947937
