mse: 1.5715652704238892
mae: 0.800934910774231
