mse: 0.9044616222381592
mae: 0.4996638298034668
