mse: 0.9013820290565491
mae: 0.5150964856147766
