mse: 1.0011851787567139
mae: 0.5383378863334656
