mse: 3.6034529209136963
mae: 1.5202471017837524
