mse: 2.4431722164154053
mae: 1.142274260520935
