mse: 2.4727554321289062
mae: 1.1364188194274902
