mse: 1.854992389678955
mae: 0.9079932570457458
