mse: 0.9006750583648682
mae: 0.5153317451477051
