mse: 0.918262243270874
mae: 0.49512723088264465
