mse: 0.9001087546348572
mae: 0.5046606659889221
