mse: 2.5543274879455566
mae: 1.1927696466445923
