mse: 0.9508349895477295
mae: 0.5113239288330078
