mse: 2.169524908065796
mae: 1.0393527746200562
