mse: 0.9005715847015381
mae: 0.5138192176818848
