mse: 5.5764946937561035
mae: 1.9448819160461426
