mse: 0.9026252031326294
mae: 0.49819430708885193
