mse: 0.9006500244140625
mae: 0.5011244416236877
