mse: 1.0427007675170898
mae: 0.5574030876159668
