mse: 1.6514426469802856
mae: 0.8322953581809998
