mse: 0.900863528251648
mae: 0.5153926610946655
