mse: 1.0492385625839233
mae: 0.5640774369239807
