mse: 1.3454796075820923
mae: 0.6934736371040344
