mse: 0.9007182717323303
mae: 0.5016347169876099
