mse: 2.9886374473571777
mae: 1.3076882362365723
