mse: 0.9871490597724915
mae: 0.5268039107322693
