mse: 0.9010181427001953
mae: 0.5022753477096558
