mse: 2.1185755729675293
mae: 1.020034909248352
