mse: 3.049074649810791
mae: 1.344490647315979
