mse: 0.900222659111023
mae: 0.5001266002655029
