mse: 0.9007338881492615
mae: 0.4985179901123047
