mse: 0.8988559246063232
mae: 0.5090286731719971
