mse: 0.8986558318138123
mae: 0.5070184469223022
