mse: 0.9456535577774048
mae: 0.509283721446991
