mse: 0.9002389907836914
mae: 0.5095851421356201
