mse: 0.9014497399330139
mae: 0.5152928233146667
