mse: 1.0289937257766724
mae: 0.5544314384460449
