mse: 0.9016570448875427
mae: 0.5155237913131714
