mse: 1.8208632469177246
mae: 0.895919680595398
