mse: 0.9007944464683533
mae: 0.5149686932563782
