mse: 1.0138483047485352
mae: 0.5457802414894104
