mse: 0.9068991541862488
mae: 0.5024608373641968
