mse: 4.87517786026001
mae: 1.7854042053222656
