mse: 1.4389863014221191
mae: 0.7339105010032654
