mse: 0.8995488286018372
mae: 0.5076185464859009
