mse: 0.8999196887016296
mae: 0.5153528451919556
