mse: 2.225527763366699
mae: 1.071860432624817
