mse: 3.1096439361572266
mae: 1.3574742078781128
