mse: 0.9580447673797607
mae: 0.5000543594360352
