mse: 1.3795374631881714
mae: 0.7069882750511169
