mse: 0.9201581478118896
mae: 0.5006448030471802
