mse: 0.9037220478057861
mae: 0.5026769042015076
