mse: 0.8992935419082642
mae: 0.5018709301948547
