mse: 0.9004862308502197
mae: 0.515322208404541
