mse: 2.9233477115631104
mae: 1.2862204313278198
