mse: 1.0466822385787964
mae: 0.5604248046875
