mse: 2.948413848876953
mae: 1.301776647567749
