mse: 1.3119316101074219
mae: 0.6879678964614868
