mse: 0.9005692005157471
mae: 0.5157692432403564
