mse: 0.9020623564720154
mae: 0.49748578667640686
