mse: 0.9002481698989868
mae: 0.5159416794776917
