mse: 0.9015831351280212
mae: 0.5151087045669556
