mse: 0.9008824229240417
mae: 0.5012506246566772
