mse: 2.421323299407959
mae: 1.1238610744476318
