mse: 0.8990036845207214
mae: 0.5092662572860718
