mse: 0.9296746253967285
mae: 0.5018166303634644
