mse: 0.898794412612915
mae: 0.5013661980628967
