mse: 1.8396191596984863
mae: 0.9005756378173828
