mse: 0.900350034236908
mae: 0.5148709416389465
