mse: 2.9716808795928955
mae: 1.3195075988769531
