mse: 2.154463768005371
mae: 1.034189224243164
