mse: 5.473857879638672
mae: 1.9577478170394897
