mse: 0.9923569560050964
mae: 0.5359854102134705
