mse: 0.9954409003257751
mae: 0.5368823409080505
