mse: 2.1986947059631348
mae: 1.0350947380065918
