mse: 3.2418644428253174
mae: 1.4218940734863281
