mse: 0.9874201416969299
mae: 0.5128414630889893
