mse: 2.078190565109253
mae: 0.9964838624000549
