mse: 0.9004307389259338
mae: 0.5158485174179077
