mse: 0.899623453617096
mae: 0.49986889958381653
