mse: 1.8518174886703491
mae: 0.9188926219940186
