mse: 0.8992746472358704
mae: 0.5072036981582642
