mse: 4.177089214324951
mae: 1.6199758052825928
