mse: 5.011861324310303
mae: 1.825262188911438
