mse: 0.9131553769111633
mae: 0.4981704354286194
