mse: 0.916527509689331
mae: 0.4981834888458252
