mse: 2.5301215648651123
mae: 1.1647909879684448
