mse: 2.4621684551239014
mae: 1.153076410293579
