mse: 0.9078361988067627
mae: 0.4937319755554199
