mse: 1.2189738750457764
mae: 0.6526505947113037
