mse: 0.9010813236236572
mae: 0.5153139233589172
