mse: 3.5027058124542236
mae: 1.4914970397949219
