mse: 1.6287000179290771
mae: 0.826899528503418
