mse: 1.084301233291626
mae: 0.577515184879303
