mse: 1.057153344154358
mae: 0.5689737200737
