mse: 0.8985146880149841
mae: 0.5050575733184814
