mse: 2.0285210609436035
mae: 0.9734475016593933
