mse: 6.341378688812256
mae: 2.1753592491149902
