mse: 3.6238973140716553
mae: 1.5263309478759766
