mse: 2.779116153717041
mae: 1.2571778297424316
