mse: 2.763681173324585
mae: 1.254626750946045
