mse: 5.657162666320801
mae: 1.9808622598648071
