mse: 2.897726535797119
mae: 1.3133234977722168
