mse: 0.9006087779998779
mae: 0.5006158351898193
