mse: 1.9068812131881714
mae: 0.9318370819091797
