mse: 5.134846210479736
mae: 1.849107265472412
