mse: 4.428894519805908
mae: 1.6640896797180176
