mse: 0.9029996991157532
mae: 0.5038506984710693
