mse: 2.1406195163726807
mae: 1.0372756719589233
