mse: 0.8992194533348083
mae: 0.5093473196029663
