mse: 1.2275224924087524
mae: 0.6567167043685913
