mse: 0.9007615447044373
mae: 0.5017729997634888
