mse: 1.0443731546401978
mae: 0.5589932799339294
