mse: 3.419980049133301
mae: 1.449992060661316
