mse: 4.439449787139893
mae: 1.7024962902069092
