mse: 1.8371527194976807
mae: 0.9051842093467712
