mse: 0.8998266458511353
mae: 0.5157787799835205
