mse: 1.2252503633499146
mae: 0.6401693820953369
