mse: 0.9007322192192078
mae: 0.5083132982254028
