mse: 1.654266119003296
mae: 0.8176285028457642
