mse: 0.9007619619369507
mae: 0.5151275396347046
