mse: 4.962883949279785
mae: 1.8040883541107178
