mse: 1.5147705078125
mae: 0.7700880169868469
