mse: 2.1000216007232666
mae: 1.002342939376831
