mse: 0.9036778211593628
mae: 0.5017996430397034
