mse: 2.10479474067688
mae: 1.0018020868301392
