mse: 1.3610841035842896
mae: 0.7142500877380371
