mse: 1.830789566040039
mae: 0.9110936522483826
