mse: 1.2975876331329346
mae: 0.6787133812904358
