mse: 1.8152179718017578
mae: 0.8940264582633972
