mse: 1.321027159690857
mae: 0.695849597454071
