mse: 0.9721964001655579
mae: 0.5178350210189819
