mse: 1.4669513702392578
mae: 0.7462489008903503
