mse: 5.721411228179932
mae: 2.0023131370544434
