mse: 3.9284827709198
mae: 1.5842443704605103
