mse: 5.362551689147949
mae: 1.9298505783081055
