mse: 1.4833799600601196
mae: 0.7603352665901184
