mse: 1.0407651662826538
mae: 0.56071937084198
