mse: 1.1116423606872559
mae: 0.5902712941169739
