mse: 2.277287244796753
mae: 1.0717512369155884
