mse: 5.726580619812012
mae: 2.012444019317627
