mse: 0.899922788143158
mae: 0.5118876099586487
