mse: 0.996477484703064
mae: 0.5376753211021423
