mse: 1.0399278402328491
mae: 0.5382338762283325
