mse: 0.9819242358207703
mae: 0.5217697024345398
