mse: 1.350374460220337
mae: 0.6887210607528687
