mse: 1.126734972000122
mae: 0.6027088761329651
