mse: 0.8994315266609192
mae: 0.5092561841011047
