mse: 0.9470885396003723
mae: 0.510113000869751
