mse: 0.9098303914070129
mae: 0.49946528673171997
