mse: 1.4652090072631836
mae: 0.7541505694389343
