mse: 0.9012037515640259
mae: 0.5152176022529602
