mse: 6.36692476272583
mae: 2.19289231300354
