mse: 2.882725715637207
mae: 1.255926251411438
