mse: 2.165408134460449
mae: 1.0245819091796875
