mse: 1.129016637802124
mae: 0.6066881418228149
