mse: 3.38623309135437
mae: 1.4196112155914307
