mse: 0.9005271196365356
mae: 0.5007311105728149
