mse: 1.3080521821975708
mae: 0.6872880458831787
