mse: 0.9004321694374084
mae: 0.50289386510849
