mse: 5.72791051864624
mae: 2.025881767272949
