mse: 0.9685240387916565
mae: 0.5211518406867981
