mse: 1.1326161623001099
mae: 0.6088367104530334
