mse: 1.9952691793441772
mae: 0.9627728462219238
