mse: 2.4503870010375977
mae: 1.1330054998397827
