mse: 0.9004788398742676
mae: 0.5155492424964905
