mse: 2.726210355758667
mae: 1.2520147562026978
