mse: 0.9306046962738037
mae: 0.5000591278076172
