mse: 0.901001513004303
mae: 0.5153260827064514
