mse: 0.9007413387298584
mae: 0.5145720839500427
