mse: 0.8980824947357178
mae: 0.5048340559005737
