mse: 4.1772541999816895
mae: 1.6360074281692505
