mse: 1.5270483493804932
mae: 0.7638853192329407
