mse: 2.062983989715576
mae: 0.9929436445236206
