mse: 1.2231932878494263
mae: 0.6362969279289246
