mse: 0.901724100112915
mae: 0.5155224800109863
