mse: 6.038631916046143
mae: 2.09242582321167
