mse: 2.4479756355285645
mae: 1.1364667415618896
