mse: 2.0943522453308105
mae: 1.0007215738296509
