mse: 2.687077283859253
mae: 1.2356395721435547
