mse: 5.746102809906006
mae: 2.0239150524139404
