mse: 1.710366129875183
mae: 0.8420354723930359
