mse: 0.9007452726364136
mae: 0.501865565776825
