mse: 1.4564156532287598
mae: 0.7397108674049377
