mse: 4.041569709777832
mae: 1.6235244274139404
