mse: 0.986046552658081
mae: 0.5243617296218872
