mse: 1.0546395778656006
mae: 0.5662192106246948
