mse: 0.9001806974411011
mae: 0.5002614259719849
