mse: 0.9061107635498047
mae: 0.49678266048431396
