mse: 0.9277113676071167
mae: 0.49667176604270935
