mse: 2.1027495861053467
mae: 0.9904384016990662
