mse: 1.8562862873077393
mae: 0.8972228765487671
