mse: 1.3042545318603516
mae: 0.6831222176551819
