mse: 0.8987343311309814
mae: 0.5070482492446899
