mse: 1.7944327592849731
mae: 0.887653112411499
