mse: 0.9003514647483826
mae: 0.515252947807312
