mse: 1.5634855031967163
mae: 0.7995272278785706
