mse: 0.9456725120544434
mae: 0.5100398063659668
