mse: 2.700709104537964
mae: 1.2179454565048218
