mse: 1.0499407052993774
mae: 0.5443606376647949
