mse: 1.2170885801315308
mae: 0.649819552898407
