mse: 1.1350888013839722
mae: 0.6075066924095154
