mse: 1.142634630203247
mae: 0.6147515773773193
