mse: 3.355473518371582
mae: 1.4594351053237915
