mse: 4.638695240020752
mae: 1.7327733039855957
