mse: 0.9958824515342712
mae: 0.5373793840408325
