mse: 0.9004747867584229
mae: 0.5152559280395508
