mse: 0.9308359026908875
mae: 0.49947407841682434
