mse: 1.1385245323181152
mae: 0.6102394461631775
