mse: 0.9014890193939209
mae: 0.4969978630542755
