mse: 1.8238656520843506
mae: 0.8933443427085876
