mse: 0.9098635911941528
mae: 0.49962538480758667
