mse: 0.9007575511932373
mae: 0.515382707118988
