mse: 0.9012645483016968
mae: 0.4988503158092499
