mse: 0.9691526293754578
mae: 0.5226521492004395
