mse: 1.245739221572876
mae: 0.6505047678947449
