mse: 0.9009260535240173
mae: 0.5149620771408081
