mse: 0.8986549973487854
mae: 0.5035202503204346
