mse: 1.1325372457504272
mae: 0.6084641218185425
