mse: 1.3946577310562134
mae: 0.7135134935379028
