mse: 1.0822603702545166
mae: 0.575756311416626
