mse: 2.596715211868286
mae: 1.1829607486724854
