mse: 5.327722072601318
mae: 1.892994999885559
