mse: 0.9381383657455444
mae: 0.5059899687767029
