mse: 0.9001621007919312
mae: 0.5104415416717529
