mse: 0.9342626333236694
mae: 0.49302899837493896
