mse: 4.788756370544434
mae: 1.823889970779419
