mse: 5.607871055603027
mae: 2.0263633728027344
