mse: 0.9002166390419006
mae: 0.5137184858322144
