mse: 2.8811259269714355
mae: 1.2841428518295288
