mse: 0.9038072824478149
mae: 0.5024673938751221
