mse: 1.4225399494171143
mae: 0.7334392070770264
