mse: 5.911347389221191
mae: 2.0489766597747803
