mse: 0.9007590413093567
mae: 0.5008445382118225
