mse: 3.4531350135803223
mae: 1.4752787351608276
