mse: 0.9004495143890381
mae: 0.515504002571106
