mse: 2.0037667751312256
mae: 0.9646047949790955
