mse: 0.9006005525588989
mae: 0.514556348323822
