mse: 2.142328977584839
mae: 1.0207056999206543
