mse: 0.9592604041099548
mae: 0.5149262547492981
