mse: 0.9008535742759705
mae: 0.5001046657562256
