mse: 4.928731441497803
mae: 1.8295958042144775
