mse: 0.9002315998077393
mae: 0.5118229389190674
