mse: 4.558731555938721
mae: 1.7549891471862793
