mse: 1.3356355428695679
mae: 0.7043963074684143
