mse: 4.864686489105225
mae: 1.8363689184188843
