mse: 0.9959325194358826
mae: 0.534277081489563
