mse: 1.0586000680923462
mae: 0.5716904401779175
