mse: 0.9000543355941772
mae: 0.515853226184845
