mse: 2.5465986728668213
mae: 1.1717952489852905
