mse: 1.5711450576782227
mae: 0.7979447245597839
