mse: 3.088257312774658
mae: 1.341855525970459
