mse: 5.745206832885742
mae: 2.034128427505493
