mse: 2.946171283721924
mae: 1.2967839241027832
