mse: 3.9688222408294678
mae: 1.590232253074646
