mse: 0.8996199369430542
mae: 0.5080687403678894
