mse: 0.9127021431922913
mae: 0.5011551380157471
