mse: 0.902162492275238
mae: 0.5152251720428467
