mse: 3.0412847995758057
mae: 1.360573649406433
