mse: 1.1305516958236694
mae: 0.6094925403594971
