mse: 5.205644130706787
mae: 1.906170129776001
