mse: 0.9008747935295105
mae: 0.5142627358436584
