mse: 5.758064270019531
mae: 2.0574049949645996
