mse: 1.802137851715088
mae: 0.8853678107261658
