mse: 1.0555554628372192
mae: 0.5683908462524414
