mse: 0.8996610045433044
mae: 0.5116321444511414
