mse: 0.8999589085578918
mae: 0.5095182061195374
