mse: 0.9114791750907898
mae: 0.4931481182575226
