mse: 0.9017075896263123
mae: 0.5153996348381042
