mse: 1.0747559070587158
mae: 0.5732398629188538
