mse: 1.2360115051269531
mae: 0.6578565835952759
