mse: 1.331673264503479
mae: 0.6862772703170776
