mse: 1.08402681350708
mae: 0.578580379486084
