mse: 0.945744514465332
mae: 0.5088609457015991
