mse: 0.8985359072685242
mae: 0.5031100511550903
