mse: 3.4184792041778564
mae: 1.4687711000442505
