mse: 0.9066289067268372
mae: 0.4975062310695648
