mse: 2.618117332458496
mae: 1.1936900615692139
