mse: 0.899650514125824
mae: 0.5113497972488403
