mse: 0.9044924378395081
mae: 0.4993668794631958
