mse: 5.2601094245910645
mae: 1.8769482374191284
