mse: 0.8986377120018005
mae: 0.5052416920661926
