mse: 0.9002607464790344
mae: 0.5158570408821106
