mse: 1.7702981233596802
mae: 0.8753337264060974
