mse: 0.899917483329773
mae: 0.5136155486106873
