mse: 2.8254172801971436
mae: 1.2637927532196045
