mse: 3.3454298973083496
mae: 1.4529523849487305
