mse: 0.9233196377754211
mae: 0.49164879322052
