mse: 3.42020845413208
mae: 1.4791126251220703
