mse: 0.9011406898498535
mae: 0.5097682476043701
