mse: 1.561668038368225
mae: 0.7925767302513123
