mse: 5.299037456512451
mae: 1.9507341384887695
