mse: 0.9701089262962341
mae: 0.5207380056381226
