mse: 3.1618432998657227
mae: 1.3816556930541992
