mse: 2.171889305114746
mae: 1.0368123054504395
