mse: 0.996288001537323
mae: 0.5347496867179871
