mse: 0.9002617597579956
mae: 0.51096111536026
