mse: 5.655611991882324
mae: 1.9685063362121582
