mse: 1.3420006036758423
mae: 0.7027903199195862
