mse: 2.54097056388855
mae: 1.1661585569381714
