mse: 4.428492069244385
mae: 1.7090787887573242
