mse: 2.083434820175171
mae: 1.002642035484314
