mse: 0.8995684385299683
mae: 0.5063249468803406
