mse: 1.3288483619689941
mae: 0.6993468999862671
