mse: 4.574190139770508
mae: 1.7696572542190552
