mse: 0.9620009660720825
mae: 0.5177459716796875
