mse: 2.073251247406006
mae: 0.9885239005088806
