mse: 1.7881550788879395
mae: 0.878649890422821
