mse: 5.740764141082764
mae: 2.026888608932495
