mse: 1.0310207605361938
mae: 0.5559757947921753
