mse: 0.9283540844917297
mae: 0.5007576942443848
