mse: 1.3238734006881714
mae: 0.6929877400398254
