mse: 1.1326674222946167
mae: 0.6090338230133057
