mse: 3.1217665672302246
mae: 1.357235312461853
