mse: 1.1538984775543213
mae: 0.6042976975440979
