mse: 0.9825361967086792
mae: 0.5229498744010925
