mse: 0.9172355532646179
mae: 0.4994658827781677
