mse: 0.8990226984024048
mae: 0.5070747137069702
