mse: 1.0544742345809937
mae: 0.5672627091407776
