mse: 0.902124285697937
mae: 0.4976981282234192
