mse: 1.0764260292053223
mae: 0.581303060054779
