mse: 1.5793981552124023
mae: 0.8053727149963379
