mse: 0.9465366005897522
mae: 0.5094678997993469
