mse: 2.353868246078491
mae: 1.1042405366897583
