mse: 0.9293195009231567
mae: 0.5023731589317322
