mse: 3.0911481380462646
mae: 1.3557907342910767
