mse: 2.7355997562408447
mae: 1.2571357488632202
