mse: 2.666480779647827
mae: 1.224152684211731
