mse: 2.050563097000122
mae: 1.0002020597457886
