mse: 0.9490082859992981
mae: 0.5114632248878479
