mse: 1.0560051202774048
mae: 0.5714592337608337
