mse: 0.9001270532608032
mae: 0.5014479756355286
