mse: 1.0932188034057617
mae: 0.5836324095726013
