mse: 0.9016342163085938
mae: 0.49709486961364746
