mse: 0.901035487651825
mae: 0.5152791738510132
