mse: 0.8996573090553284
mae: 0.5079992413520813
