mse: 0.9769776463508606
mae: 0.5217916369438171
