mse: 1.0469048023223877
mae: 0.5614891052246094
