mse: 1.0258066654205322
mae: 0.5478772521018982
