mse: 0.900995671749115
mae: 0.5029489398002625
