mse: 0.9010336995124817
mae: 0.5072031617164612
