mse: 0.965944766998291
mae: 0.5147092342376709
