mse: 1.8138724565505981
mae: 0.8951985239982605
