mse: 2.747771739959717
mae: 1.2274861335754395
