mse: 2.418583631515503
mae: 1.1197618246078491
