mse: 0.9020775556564331
mae: 0.5019747018814087
