mse: 1.0581134557724
mae: 0.5706431865692139
