mse: 0.9951649904251099
mae: 0.5334445238113403
