mse: 1.9306951761245728
mae: 0.9340213537216187
