mse: 1.5946356058120728
mae: 0.8127855062484741
