mse: 0.9703555107116699
mae: 0.5234715938568115
