mse: 0.9580561518669128
mae: 0.5117779970169067
