mse: 0.9461477994918823
mae: 0.5107457041740417
