mse: 1.813557744026184
mae: 0.8949309587478638
