mse: 1.3425178527832031
mae: 0.6988212466239929
