mse: 1.0265905857086182
mae: 0.5545542240142822
