mse: 2.710561513900757
mae: 1.2305628061294556
