mse: 1.717908263206482
mae: 0.850531816482544
