mse: 5.246364593505859
mae: 1.9459996223449707
