mse: 4.803227424621582
mae: 1.7750014066696167
