mse: 0.8996449708938599
mae: 0.5046691298484802
