mse: 2.0263681411743164
mae: 0.9629239439964294
