mse: 5.9008097648620605
mae: 2.1019179821014404
