mse: 0.8995991349220276
mae: 0.5021879076957703
