mse: 0.9003778696060181
mae: 0.5095316767692566
