mse: 0.9000294208526611
mae: 0.5136741995811462
