mse: 5.705256462097168
mae: 2.0408031940460205
