mse: 1.007140040397644
mae: 0.5417919754981995
