mse: 0.9665968418121338
mae: 0.5193701386451721
