mse: 3.2005701065063477
mae: 1.381234049797058
