mse: 2.7671468257904053
mae: 1.2224817276000977
