mse: 2.456968307495117
mae: 1.1378053426742554
