mse: 1.0152283906936646
mae: 0.537544310092926
