mse: 0.900693416595459
mae: 0.515407919883728
