mse: 1.6640464067459106
mae: 0.8370451331138611
