mse: 0.9581023454666138
mae: 0.5157620906829834
