mse: 0.900215744972229
mae: 0.5158113837242126
