mse: 0.9665531516075134
mae: 0.5215967297554016
