mse: 1.1700838804244995
mae: 0.628176748752594
