mse: 0.9972468614578247
mae: 0.5353289246559143
