mse: 2.4150032997131348
mae: 1.1125422716140747
