mse: 0.9675000309944153
mae: 0.5144019722938538
