mse: 5.577800750732422
mae: 1.9831273555755615
