mse: 0.9270758628845215
mae: 0.4971052408218384
