mse: 4.041413307189941
mae: 1.6114888191223145
