mse: 0.9032321572303772
mae: 0.5057088732719421
