mse: 5.5554280281066895
mae: 1.9656158685684204
