mse: 3.701286554336548
mae: 1.5522547960281372
