mse: 3.860029935836792
mae: 1.5871626138687134
