mse: 2.27719783782959
mae: 1.0771887302398682
