mse: 0.9932752251625061
mae: 0.5335392355918884
