mse: 5.241953372955322
mae: 1.8681082725524902
