mse: 1.6599335670471191
mae: 0.8178236484527588
