mse: 1.2551637887954712
mae: 0.6600770354270935
