mse: 0.9425361752510071
mae: 0.5062236785888672
