mse: 0.9508540630340576
mae: 0.5127826929092407
