mse: 1.0908371210098267
mae: 0.5747950077056885
