mse: 1.4841121435165405
mae: 0.7580083012580872
