mse: 0.9944534301757812
mae: 0.5344960689544678
