mse: 0.9009112119674683
mae: 0.5153607726097107
