mse: 0.9527678489685059
mae: 0.5135119557380676
