mse: 0.9168702960014343
mae: 0.4988178610801697
