mse: 0.9169716238975525
mae: 0.4986160695552826
