mse: 1.435977578163147
mae: 0.7470839023590088
