mse: 4.3969902992248535
mae: 1.6777927875518799
