mse: 5.424517631530762
mae: 1.9480630159378052
