mse: 0.9164060950279236
mae: 0.4976085126399994
