mse: 3.315854072570801
mae: 1.4482605457305908
