mse: 5.039180755615234
mae: 1.8604016304016113
