mse: 0.9176180362701416
mae: 0.4906091094017029
