mse: 0.9114260673522949
mae: 0.4992372691631317
