mse: 0.9497889280319214
mae: 0.5100158452987671
