mse: 0.9012264609336853
mae: 0.5158774852752686
