mse: 4.992711544036865
mae: 1.8743538856506348
