mse: 1.0564643144607544
mae: 0.5682693719863892
