mse: 5.82594633102417
mae: 2.010988712310791
