mse: 0.900134801864624
mae: 0.5158586502075195
