mse: 2.822509765625
mae: 1.251484990119934
