mse: 4.661179542541504
mae: 1.7356082201004028
