mse: 1.0907562971115112
mae: 0.5817157030105591
