mse: 3.221741199493408
mae: 1.381557583808899
