mse: 2.9041666984558105
mae: 1.2879880666732788
