mse: 1.4936244487762451
mae: 0.7625799775123596
