mse: 5.639778137207031
mae: 1.9791382551193237
