mse: 0.9528627991676331
mae: 0.5091947317123413
