mse: 0.900890052318573
mae: 0.5151652097702026
