mse: 0.9011700749397278
mae: 0.5011860132217407
