mse: 0.9383175373077393
mae: 0.5002676248550415
