mse: 0.9753777384757996
mae: 0.5207294821739197
