mse: 1.8610591888427734
mae: 0.9028136730194092
