mse: 0.8990983963012695
mae: 0.5094813704490662
