mse: 1.3028281927108765
mae: 0.6808508634567261
