mse: 0.9200760126113892
mae: 0.5000485777854919
