mse: 0.9098035097122192
mae: 0.49539515376091003
