mse: 0.9011098742485046
mae: 0.498975545167923
