mse: 0.9160254001617432
mae: 0.4981948733329773
