mse: 1.3263893127441406
mae: 0.6981830596923828
