mse: 0.9042438268661499
mae: 0.50411057472229
