mse: 1.0428082942962646
mae: 0.5589722990989685
