mse: 3.811978578567505
mae: 1.572508692741394
