mse: 0.9068388342857361
mae: 0.4974496066570282
