mse: 1.13348388671875
mae: 0.6053682565689087
