mse: 0.900903046131134
mae: 0.5159929990768433
