mse: 1.4522942304611206
mae: 0.742483377456665
