mse: 0.8995238542556763
mae: 0.5052708983421326
