mse: 3.2458927631378174
mae: 1.4272382259368896
