mse: 0.9490097761154175
mae: 0.5107255578041077
