mse: 0.9237476587295532
mae: 0.4914322793483734
