mse: 1.967340111732483
mae: 0.9448253512382507
