mse: 0.9492639303207397
mae: 0.5102364420890808
