mse: 0.9171302318572998
mae: 0.49806439876556396
