mse: 2.3474812507629395
mae: 1.098646879196167
