mse: 2.5724122524261475
mae: 1.1717612743377686
