mse: 0.947218120098114
mae: 0.5105851888656616
