mse: 1.8198730945587158
mae: 0.8969232439994812
