mse: 2.361299514770508
mae: 1.0978065729141235
