mse: 2.74112606048584
mae: 1.2368818521499634
