mse: 5.613574504852295
mae: 2.022364616394043
