mse: 1.3256546258926392
mae: 0.694785475730896
