mse: 0.9001476764678955
mae: 0.5044079422950745
