mse: 0.8990618586540222
mae: 0.5069999694824219
