mse: 2.067897319793701
mae: 1.007645845413208
