mse: 2.133803367614746
mae: 1.0251961946487427
