mse: 0.901054322719574
mae: 0.515008270740509
