mse: 0.9006743431091309
mae: 0.5150560140609741
