mse: 3.3379292488098145
mae: 1.4476789236068726
