mse: 1.8499398231506348
mae: 0.910186767578125
