mse: 1.7431243658065796
mae: 0.8658000230789185
