mse: 3.0068230628967285
mae: 1.3510838747024536
