mse: 5.1550679206848145
mae: 1.8562612533569336
