mse: 0.939947783946991
mae: 0.5049756169319153
