mse: 1.5306248664855957
mae: 0.7763687968254089
