mse: 0.9001445174217224
mae: 0.5005244016647339
