mse: 2.097092628479004
mae: 1.0093623399734497
