mse: 1.6519989967346191
mae: 0.8205248713493347
