mse: 1.0795923471450806
mae: 0.5593671798706055
