mse: 1.0132219791412354
mae: 0.5398213267326355
