mse: 0.912053644657135
mae: 0.49161601066589355
