mse: 0.8986753821372986
mae: 0.5071441531181335
