mse: 1.2981107234954834
mae: 0.682717502117157
