mse: 1.8539402484893799
mae: 0.8989814519882202
