mse: 1.06391179561615
mae: 0.5751191973686218
