mse: 0.9160398244857788
mae: 0.49691373109817505
