mse: 0.9031822085380554
mae: 0.5030124187469482
