mse: 2.7190122604370117
mae: 1.2514771223068237
