mse: 3.378573179244995
mae: 1.4589760303497314
