mse: 2.2484960556030273
mae: 1.0524016618728638
