mse: 1.8159031867980957
mae: 0.8958221077919006
