mse: 1.0219371318817139
mae: 0.5441733002662659
