mse: 5.382928848266602
mae: 1.9113976955413818
