mse: 0.9132242202758789
mae: 0.5022223591804504
