mse: 3.7964906692504883
mae: 1.563346028327942
