mse: 1.5646971464157104
mae: 0.7972747683525085
