mse: 0.9953875541687012
mae: 0.5343852639198303
