mse: 5.8680009841918945
mae: 2.057250499725342
