mse: 2.295562982559204
mae: 1.082136869430542
