mse: 0.8987820744514465
mae: 0.5036668181419373
