mse: 0.8999418020248413
mae: 0.5040759444236755
