mse: 4.762638092041016
mae: 1.8040459156036377
