mse: 5.876696586608887
mae: 2.027332067489624
