mse: 0.9012126922607422
mae: 0.5015085935592651
