mse: 0.9003328084945679
mae: 0.5156399011611938
