mse: 4.621004581451416
mae: 1.7509827613830566
