mse: 1.2862197160720825
mae: 0.6759187579154968
