mse: 0.898811399936676
mae: 0.5035561323165894
