mse: 0.900884211063385
mae: 0.5151637196540833
