mse: 1.0618703365325928
mae: 0.5734941363334656
