mse: 1.4745733737945557
mae: 0.7514045834541321
