mse: 2.4145567417144775
mae: 1.0997869968414307
