mse: 0.8998622298240662
mae: 0.5030620694160461
