mse: 1.4712276458740234
mae: 0.7491497993469238
