mse: 0.9006505012512207
mae: 0.5150694251060486
