mse: 0.9481388926506042
mae: 0.510108470916748
