mse: 3.614396095275879
mae: 1.5199933052062988
