mse: 1.1676013469696045
mae: 0.6124201416969299
