mse: 3.759443521499634
mae: 1.566793441772461
