mse: 0.9976861476898193
mae: 0.5368544459342957
