mse: 2.601816415786743
mae: 1.2108211517333984
