mse: 0.90118408203125
mae: 0.5156344175338745
