mse: 1.0252344608306885
mae: 0.5526494383811951
