mse: 3.296797275543213
mae: 1.4352551698684692
