mse: 1.222190499305725
mae: 0.65212082862854
