mse: 2.337813377380371
mae: 1.0954087972640991
