mse: 1.2319926023483276
mae: 0.6458203792572021
