mse: 0.8985590934753418
mae: 0.5053139328956604
