mse: 0.9994243383407593
mae: 0.5334646701812744
