mse: 4.600992202758789
mae: 1.7428869009017944
