mse: 1.6075648069381714
mae: 0.8212960362434387
