mse: 3.8586575984954834
mae: 1.5265833139419556
