mse: 0.9314735531806946
mae: 0.5038052201271057
