mse: 0.9007724523544312
mae: 0.5159615278244019
