mse: 2.0183138847351074
mae: 0.9574056267738342
