mse: 0.9029375314712524
mae: 0.5006334185600281
