mse: 0.9057031273841858
mae: 0.5010920166969299
