mse: 2.973512649536133
mae: 1.290310025215149
