mse: 0.9307844638824463
mae: 0.5030237436294556
