mse: 0.9042604565620422
mae: 0.5019345283508301
