mse: 2.0732665061950684
mae: 0.9964295029640198
