mse: 0.9282510876655579
mae: 0.5026612877845764
