mse: 3.1015515327453613
mae: 1.351182222366333
