mse: 2.6837000846862793
mae: 1.2216216325759888
