mse: 1.8128122091293335
mae: 0.9031752347946167
