mse: 5.251051902770996
mae: 1.8769056797027588
