mse: 5.683087348937988
mae: 2.0642788410186768
