mse: 2.456514835357666
mae: 1.1408368349075317
