mse: 1.8710660934448242
mae: 0.908859372138977
