mse: 0.9282388687133789
mae: 0.5005306005477905
