mse: 4.442430019378662
mae: 1.7210959196090698
