mse: 0.8995559215545654
mae: 0.5080387592315674
