mse: 2.895886182785034
mae: 1.2818927764892578
