mse: 0.9000797867774963
mae: 0.5032442808151245
