mse: 0.9064098000526428
mae: 0.4985599219799042
