mse: 0.8994871973991394
mae: 0.5069016814231873
