mse: 0.901009202003479
mae: 0.5150362849235535
