mse: 1.5279303789138794
mae: 0.7635600566864014
