mse: 1.55522882938385
mae: 0.7924603223800659
