mse: 1.1539312601089478
mae: 0.6190874576568604
