mse: 1.7866672277450562
mae: 0.88344407081604
