mse: 1.4470409154891968
mae: 0.7449586987495422
