mse: 1.4903005361557007
mae: 0.7609360814094543
