mse: 1.7525438070297241
mae: 0.8704767823219299
