mse: 0.9005016088485718
mae: 0.5007955431938171
