mse: 1.0223536491394043
mae: 0.5501575469970703
