mse: 1.7839996814727783
mae: 0.8818254470825195
