mse: 0.9927530884742737
mae: 0.5333760380744934
