mse: 5.746589660644531
mae: 2.004333972930908
