mse: 0.9072614312171936
mae: 0.49814125895500183
