mse: 5.971404075622559
mae: 2.048018217086792
