mse: 0.9160284399986267
mae: 0.49691104888916016
