mse: 0.8997198343276978
mae: 0.5078126192092896
