mse: 1.572261929512024
mae: 0.7988965511322021
