mse: 0.901446521282196
mae: 0.4987756013870239
