mse: 4.420536041259766
mae: 1.7256677150726318
