mse: 1.1306051015853882
mae: 0.6054151654243469
