mse: 0.9033729434013367
mae: 0.5013217926025391
