mse: 2.1784377098083496
mae: 1.040101408958435
