mse: 0.9591343998908997
mae: 0.5116502046585083
