mse: 0.9006053805351257
mae: 0.5047833919525146
