mse: 0.899951696395874
mae: 0.5158246159553528
