mse: 0.9000256657600403
mae: 0.5136343240737915
