mse: 1.7700731754302979
mae: 0.8740914463996887
