mse: 5.8211212158203125
mae: 2.0475149154663086
