mse: 4.256942272186279
mae: 1.6370700597763062
