mse: 4.37261962890625
mae: 1.7011656761169434
