mse: 2.468153238296509
mae: 1.1465543508529663
