mse: 0.9006134271621704
mae: 0.5123761296272278
