mse: 2.206289052963257
mae: 1.0541869401931763
