mse: 0.9230471849441528
mae: 0.5006608963012695
