mse: 0.9945837259292603
mae: 0.5333109498023987
