mse: 0.8989440202713013
mae: 0.5091009736061096
