mse: 0.9517306089401245
mae: 0.5061910152435303
