mse: 5.30526065826416
mae: 1.9311394691467285
