mse: 5.462790489196777
mae: 1.9476511478424072
