mse: 1.182449221611023
mae: 0.6170852184295654
