mse: 5.506274223327637
mae: 1.9245880842208862
