mse: 0.903469979763031
mae: 0.4996456503868103
