mse: 0.90071040391922
mae: 0.5155248045921326
