mse: 1.5366603136062622
mae: 0.7890514135360718
