mse: 1.5227798223495483
mae: 0.780891478061676
