mse: 1.2766779661178589
mae: 0.666805624961853
