mse: 2.099283456802368
mae: 1.010359287261963
