mse: 0.8998662829399109
mae: 0.509874701499939
