mse: 0.9326229095458984
mae: 0.5033664107322693
