mse: 0.9319456219673157
mae: 0.5009889602661133
