mse: 1.1045125722885132
mae: 0.5821143388748169
