mse: 0.9006890654563904
mae: 0.5139082670211792
