mse: 0.9182307124137878
mae: 0.4996631443500519
