mse: 1.714680552482605
mae: 0.8512842059135437
