mse: 1.2866765260696411
mae: 0.6720414757728577
