mse: 4.095592975616455
mae: 1.5818910598754883
