mse: 3.771122932434082
mae: 1.5684800148010254
