mse: 0.8992441892623901
mae: 0.5112859010696411
