mse: 4.51569938659668
mae: 1.68031907081604
