mse: 1.8306262493133545
mae: 0.9028698205947876
