mse: 0.9000613689422607
mae: 0.5005881190299988
