mse: 0.9286546111106873
mae: 0.5021975636482239
