mse: 1.2556794881820679
mae: 0.6500442624092102
