mse: 3.3402013778686523
mae: 1.415808081626892
