mse: 0.9010694026947021
mae: 0.5154631733894348
