mse: 1.4571329355239868
mae: 0.7552170157432556
