mse: 0.9023389220237732
mae: 0.5009655952453613
