mse: 2.462930679321289
mae: 1.141347885131836
