mse: 0.9168630838394165
mae: 0.49921914935112
