mse: 1.0228302478790283
mae: 0.5463241934776306
