mse: 1.4273560047149658
mae: 0.7353308200836182
