mse: 0.9565349221229553
mae: 0.5109217166900635
