mse: 1.5636920928955078
mae: 0.7946479916572571
