mse: 0.9952298402786255
mae: 0.535719633102417
