mse: 2.1586618423461914
mae: 1.02792227268219
