mse: 0.9943167567253113
mae: 0.5325431823730469
