mse: 0.9006113409996033
mae: 0.5152691006660461
