mse: 0.9164484143257141
mae: 0.4978362023830414
