mse: 1.444229245185852
mae: 0.7475834488868713
