mse: 0.9010375142097473
mae: 0.515357255935669
