mse: 0.9006773233413696
mae: 0.5153473615646362
