mse: 0.8994253277778625
mae: 0.5113323926925659
