mse: 0.8988893628120422
mae: 0.507096529006958
