mse: 0.9091882109642029
mae: 0.49570387601852417
