mse: 0.8992030024528503
mae: 0.507286787033081
