mse: 0.9004722237586975
mae: 0.5157881379127502
