mse: 1.5806387662887573
mae: 0.8044787049293518
