mse: 0.9009198546409607
mae: 0.5152100324630737
