mse: 0.9175612926483154
mae: 0.4983748495578766
