mse: 2.6529974937438965
mae: 1.2055248022079468
