mse: 1.156099796295166
mae: 0.6212553977966309
