mse: 1.1514897346496582
mae: 0.6105324625968933
