mse: 0.9021304845809937
mae: 0.49794816970825195
