mse: 0.8988699913024902
mae: 0.5068186521530151
