mse: 3.6948792934417725
mae: 1.4986149072647095
