mse: 1.1306666135787964
mae: 0.6067072749137878
