mse: 0.9293274283409119
mae: 0.5024400353431702
