mse: 2.1786904335021973
mae: 1.040273666381836
