mse: 1.4231345653533936
mae: 0.7356833815574646
