mse: 1.9241424798965454
mae: 0.9252040386199951
