mse: 0.8999022841453552
mae: 0.5157356262207031
