mse: 1.3440141677856445
mae: 0.7067264318466187
