mse: 1.3651748895645142
mae: 0.6955868601799011
