mse: 0.9120181202888489
mae: 0.49679118394851685
