mse: 1.0171741247177124
mae: 0.5273345708847046
