mse: 1.5251331329345703
mae: 0.7811707854270935
