mse: 1.135615348815918
mae: 0.6084174513816833
