mse: 2.204575538635254
mae: 1.0212219953536987
