mse: 0.9011642336845398
mae: 0.5158694982528687
