mse: 1.1372876167297363
mae: 0.6129321455955505
