mse: 3.7322237491607666
mae: 1.55203378200531
