mse: 1.4809956550598145
mae: 0.7696748375892639
