mse: 0.9458234310150146
mae: 0.5090734362602234
