mse: 1.8383183479309082
mae: 0.904958188533783
