mse: 1.024142861366272
mae: 0.5458956956863403
