mse: 0.8995512127876282
mae: 0.5112923383712769
