mse: 0.9230459928512573
mae: 0.5012209415435791
