mse: 0.9297373294830322
mae: 0.5023857951164246
