mse: 2.791663646697998
mae: 1.2426538467407227
