mse: 0.9001913070678711
mae: 0.5159142017364502
