mse: 0.8985552191734314
mae: 0.5052675008773804
