mse: 1.2364109754562378
mae: 0.6590763330459595
