mse: 1.1025822162628174
mae: 0.588796079158783
