mse: 0.9990769624710083
mae: 0.5383915901184082
