mse: 3.2259511947631836
mae: 1.3819595575332642
