mse: 1.1432644128799438
mae: 0.6141949892044067
