mse: 0.9720541834831238
mae: 0.5239114761352539
