mse: 1.5599559545516968
mae: 0.7910133004188538
