mse: 1.0739965438842773
mae: 0.57928466796875
