mse: 1.8694581985473633
mae: 0.919060230255127
