mse: 1.2968820333480835
mae: 0.668646514415741
