mse: 3.417161464691162
mae: 1.4591028690338135
