mse: 0.950927197933197
mae: 0.5091366767883301
