mse: 0.9002973437309265
mae: 0.5087916254997253
