mse: 4.377464294433594
mae: 1.6744844913482666
