mse: 0.9009186625480652
mae: 0.5081589221954346
