mse: 2.008361339569092
mae: 0.9782702922821045
