mse: 1.1337987184524536
mae: 0.606241762638092
