mse: 5.886250019073486
mae: 2.0385591983795166
