mse: 5.766073226928711
mae: 2.008918046951294
