mse: 6.017155647277832
mae: 2.0807528495788574
