mse: 2.171182632446289
mae: 1.0327757596969604
