mse: 1.0719757080078125
mae: 0.5775392651557922
