mse: 0.9002357125282288
mae: 0.5154423713684082
