mse: 0.9437869787216187
mae: 0.5042077898979187
