mse: 1.086829662322998
mae: 0.5640313029289246
