mse: 5.721543312072754
mae: 2.0468673706054688
