mse: 1.0633883476257324
mae: 0.5737142562866211
