mse: 1.4039167165756226
mae: 0.7281721234321594
