mse: 3.1324217319488525
mae: 1.3615987300872803
