mse: 0.900068998336792
mae: 0.5100327730178833
