mse: 2.5534117221832275
mae: 1.1625534296035767
