mse: 0.903487503528595
mae: 0.5027637481689453
