mse: 5.153126239776611
mae: 1.8472791910171509
