mse: 5.78147554397583
mae: 2.047788143157959
