mse: 0.9009379744529724
mae: 0.4991304874420166
