mse: 1.0132440328598022
mae: 0.546928346157074
