mse: 1.5567313432693481
mae: 0.7915303707122803
