mse: 1.3620182275772095
mae: 0.703596830368042
