mse: 2.8939881324768066
mae: 1.2935705184936523
