mse: 0.90118008852005
mae: 0.49910810589790344
