mse: 2.91807222366333
mae: 1.3168522119522095
