mse: 0.9051344394683838
mae: 0.4985969364643097
