mse: 0.9451987147331238
mae: 0.5086540579795837
