mse: 0.9178102016448975
mae: 0.49895405769348145
