mse: 0.9008952975273132
mae: 0.5151011943817139
