mse: 0.8997133374214172
mae: 0.49997639656066895
