mse: 5.280832290649414
mae: 1.8802586793899536
