mse: 2.239553689956665
mae: 1.0573527812957764
