mse: 5.521488189697266
mae: 2.010806083679199
