mse: 0.9497609734535217
mae: 0.5058796405792236
