mse: 0.9017258286476135
mae: 0.5056630373001099
