mse: 4.0798516273498535
mae: 1.6345115900039673
