mse: 1.092350959777832
mae: 0.5846728086471558
