mse: 3.4630513191223145
mae: 1.4631050825119019
