mse: 0.9184769988059998
mae: 0.5000485181808472
