mse: 0.8992564678192139
mae: 0.5063403844833374
