mse: 1.318683385848999
mae: 0.6908323168754578
