mse: 1.441389560699463
mae: 0.746696412563324
