mse: 1.1515482664108276
mae: 0.5963729023933411
