mse: 2.1672775745391846
mae: 1.014695167541504
