mse: 3.398855209350586
mae: 1.4675503969192505
