mse: 2.605841636657715
mae: 1.1788334846496582
