mse: 2.038991928100586
mae: 0.9779840707778931
