mse: 0.9122054576873779
mae: 0.49747440218925476
