mse: 0.9001641869544983
mae: 0.5158743262290955
