mse: 1.002644419670105
mae: 0.5398393273353577
