mse: 0.9007037878036499
mae: 0.5007110834121704
