mse: 0.911376953125
mae: 0.492433100938797
