mse: 3.407343626022339
mae: 1.4749279022216797
