mse: 2.7359392642974854
mae: 1.2308881282806396
