mse: 0.9005232453346252
mae: 0.4984094500541687
