mse: 1.0621061325073242
mae: 0.5704383254051208
