mse: 0.9967878460884094
mae: 0.5380951166152954
