mse: 0.8984035849571228
mae: 0.5066055655479431
