mse: 0.9005523920059204
mae: 0.5109792351722717
