mse: 0.8992949724197388
mae: 0.5058683753013611
