mse: 0.9333159923553467
mae: 0.4918249845504761
