mse: 0.917935311794281
mae: 0.49914416670799255
