mse: 1.0536918640136719
mae: 0.5697377324104309
