mse: 0.9060496091842651
mae: 0.4967018961906433
