mse: 0.9001441597938538
mae: 0.5137741565704346
