mse: 0.9767260551452637
mae: 0.52135169506073
