mse: 0.9010762572288513
mae: 0.4992806613445282
