mse: 0.9162997603416443
mae: 0.4975837767124176
