mse: 0.9010792374610901
mae: 0.5010513663291931
