mse: 1.8052700757980347
mae: 0.8911232948303223
