mse: 0.8991659283638
mae: 0.5091682076454163
