mse: 5.5025129318237305
mae: 1.93364417552948
