mse: 0.9616590738296509
mae: 0.5014201402664185
