mse: 0.9025505185127258
mae: 0.4992566704750061
