mse: 0.9014227986335754
mae: 0.5152846574783325
