mse: 1.3014764785766602
mae: 0.6810550093650818
