mse: 3.86152720451355
mae: 1.563791275024414
