mse: 1.0081729888916016
mae: 0.5422995686531067
