mse: 0.8996902704238892
mae: 0.5135864615440369
