mse: 1.2236591577529907
mae: 0.6530070304870605
