mse: 0.9578887224197388
mae: 0.5162597298622131
