mse: 1.0021098852157593
mae: 0.5396524667739868
