mse: 0.9207740426063538
mae: 0.49717476963996887
