mse: 1.8552000522613525
mae: 0.9127686619758606
