mse: 0.9401864409446716
mae: 0.505083441734314
