mse: 0.9010317325592041
mae: 0.5152835845947266
