mse: 1.1590986251831055
mae: 0.6143495440483093
