mse: 0.9598192572593689
mae: 0.5008082389831543
