mse: 0.8994863629341125
mae: 0.5065863132476807
