mse: 2.8007099628448486
mae: 1.2478288412094116
