mse: 0.9129499197006226
mae: 0.5017732977867126
