mse: 0.8988428115844727
mae: 0.5034571290016174
