mse: 1.262054443359375
mae: 0.6606472134590149
