mse: 0.9192301630973816
mae: 0.5003529191017151
