mse: 0.9558765888214111
mae: 0.5130941271781921
