mse: 1.1396076679229736
mae: 0.6122090220451355
