mse: 1.3396539688110352
mae: 0.7004318833351135
