mse: 2.7106289863586426
mae: 1.2463431358337402
