mse: 1.338329792022705
mae: 0.7020319700241089
