mse: 1.024482250213623
mae: 0.5506138801574707
