mse: 0.9009822010993958
mae: 0.5071228742599487
