mse: 0.901223361492157
mae: 0.5007210373878479
