mse: 0.9012305736541748
mae: 0.5151284337043762
