mse: 5.950381278991699
mae: 2.0592763423919678
