mse: 3.0642197132110596
mae: 1.3462707996368408
