mse: 0.8994471430778503
mae: 0.5114541053771973
