mse: 1.2522621154785156
mae: 0.6692127585411072
