mse: 2.232483386993408
mae: 1.0575599670410156
