mse: 1.6115010976791382
mae: 0.8150777816772461
