mse: 4.134021759033203
mae: 1.6325421333312988
