mse: 1.331443190574646
mae: 0.6804148554801941
