mse: 1.6680489778518677
mae: 0.8281118273735046
