mse: 0.8996772766113281
mae: 0.5135290026664734
