mse: 0.9998159408569336
mae: 0.5388702154159546
