mse: 2.2917582988739014
mae: 1.0842585563659668
