mse: 1.0864707231521606
mae: 0.588668942451477
