mse: 0.9024772644042969
mae: 0.5008992552757263
