mse: 0.9002458453178406
mae: 0.5062978267669678
