mse: 2.6579184532165527
mae: 1.1995129585266113
