mse: 4.64143705368042
mae: 1.7687097787857056
