mse: 0.9001621007919312
mae: 0.515853762626648
