mse: 1.5647151470184326
mae: 0.7978628873825073
