mse: 0.9937718510627747
mae: 0.5340061783790588
