mse: 2.456681489944458
mae: 1.118371844291687
