mse: 0.9022476673126221
mae: 0.5048400163650513
