mse: 0.9031049013137817
mae: 0.5021289587020874
