mse: 3.0144124031066895
mae: 1.3515448570251465
