mse: 1.146120309829712
mae: 0.6135877370834351
