mse: 0.8990460634231567
mae: 0.5073050260543823
