mse: 1.1289441585540771
mae: 0.6047973036766052
