mse: 0.900057315826416
mae: 0.5157696604728699
