mse: 0.9011136889457703
mae: 0.5149874687194824
