mse: 0.9990226030349731
mae: 0.5387097001075745
