mse: 0.9020748138427734
mae: 0.5154306888580322
