mse: 0.9010557532310486
mae: 0.5152772665023804
