mse: 0.9006768465042114
mae: 0.5153074860572815
