mse: 2.6957056522369385
mae: 1.238152027130127
