mse: 5.61629581451416
mae: 2.0014522075653076
