mse: 2.637653112411499
mae: 1.2098972797393799
