mse: 5.0045061111450195
mae: 1.8614997863769531
