mse: 0.9007390737533569
mae: 0.5156022310256958
