mse: 3.952620267868042
mae: 1.611228108406067
