mse: 2.5348153114318848
mae: 1.1854870319366455
