mse: 0.9043741822242737
mae: 0.4965258836746216
