mse: 0.9003604650497437
mae: 0.5152201056480408
