mse: 1.8030955791473389
mae: 0.8834388852119446
