mse: 1.0580570697784424
mae: 0.5600878596305847
