mse: 0.9173635244369507
mae: 0.4987674951553345
