mse: 0.9040311574935913
mae: 0.49702000617980957
