mse: 1.1381618976593018
mae: 0.6051326394081116
