mse: 2.0231571197509766
mae: 0.9819478392601013
