mse: 5.297097206115723
mae: 1.9330101013183594
