mse: 1.016863226890564
mae: 0.5388615131378174
