mse: 4.191559314727783
mae: 1.649290919303894
