mse: 0.9942986369132996
mae: 0.5354934334754944
