mse: 4.581562042236328
mae: 1.7652435302734375
