mse: 0.918614387512207
mae: 0.49989116191864014
