mse: 4.229423522949219
mae: 1.6836326122283936
