mse: 0.900542140007019
mae: 0.5155444145202637
