mse: 4.331511974334717
mae: 1.7146925926208496
