mse: 1.236042857170105
mae: 0.6463350653648376
