mse: 0.9223209023475647
mae: 0.5003182291984558
