mse: 1.0071446895599365
mae: 0.5405023097991943
