mse: 1.2377506494522095
mae: 0.6497406363487244
