mse: 0.9012557864189148
mae: 0.5032752752304077
