mse: 0.9470987915992737
mae: 0.5108402371406555
