mse: 0.9506745934486389
mae: 0.5092591047286987
