mse: 1.465570092201233
mae: 0.7577988505363464
