mse: 0.9001989364624023
mae: 0.5158306360244751
