mse: 2.8635566234588623
mae: 1.2995057106018066
