mse: 0.9176896214485168
mae: 0.4983949661254883
