mse: 1.4518177509307861
mae: 0.7516160011291504
