mse: 2.2582216262817383
mae: 1.068433403968811
