mse: 0.9617331624031067
mae: 0.5167486667633057
