mse: 3.231076717376709
mae: 1.3915232419967651
