mse: 1.4574973583221436
mae: 0.7512009143829346
