mse: 0.9498133063316345
mae: 0.5091615915298462
