mse: 1.0128693580627441
mae: 0.5250009894371033
