mse: 0.9371119737625122
mae: 0.5043300986289978
