mse: 0.8981797695159912
mae: 0.5048890113830566
