mse: 0.9003627896308899
mae: 0.5080836415290833
