mse: 1.7778269052505493
mae: 0.879809558391571
