mse: 0.9004209637641907
mae: 0.5157529711723328
