mse: 0.8986762762069702
mae: 0.5069247484207153
