mse: 0.9010528326034546
mae: 0.5150710344314575
