mse: 0.8998053669929504
mae: 0.5157828330993652
