mse: 0.9997016191482544
mae: 0.5338810086250305
