mse: 3.1628737449645996
mae: 1.3705259561538696
