mse: 4.08374547958374
mae: 1.6113547086715698
