mse: 0.9157464504241943
mae: 0.4987262785434723
