mse: 5.290534973144531
mae: 1.919278860092163
