mse: 0.9007872343063354
mae: 0.5153211951255798
