mse: 0.8996390700340271
mae: 0.504770040512085
