mse: 0.909695565700531
mae: 0.4961024224758148
