mse: 0.9000728130340576
mae: 0.5137011408805847
