mse: 0.9002320170402527
mae: 0.5157277584075928
