mse: 0.9212613105773926
mae: 0.5023078322410583
