mse: 0.9042802453041077
mae: 0.5030116438865662
