mse: 0.9008184671401978
mae: 0.5158858895301819
