mse: 2.4072232246398926
mae: 1.1275616884231567
