mse: 1.170180082321167
mae: 0.6314956545829773
