mse: 0.9809429049491882
mae: 0.5274009108543396
