mse: 2.5074150562286377
mae: 1.1599605083465576
