mse: 1.1605108976364136
mae: 0.6015413403511047
