mse: 4.7532782554626465
mae: 1.8046737909317017
