mse: 2.7239115238189697
mae: 1.2441459894180298
