mse: 0.9983416199684143
mae: 0.5375865697860718
