mse: 0.8994149565696716
mae: 0.5020405650138855
