mse: 0.8992422819137573
mae: 0.5092707872390747
