mse: 0.8992695212364197
mae: 0.5112669467926025
