mse: 0.9030318260192871
mae: 0.5003821849822998
