mse: 0.9491923451423645
mae: 0.5056797862052917
