mse: 2.2815306186676025
mae: 1.0775692462921143
