mse: 0.8992315530776978
mae: 0.5113740563392639
