mse: 2.9563958644866943
mae: 1.2973175048828125
