mse: 1.4288605451583862
mae: 0.7351183295249939
