mse: 1.1742419004440308
mae: 0.6235644221305847
