mse: 0.9002443552017212
mae: 0.5154300332069397
