mse: 0.9272433519363403
mae: 0.4973853826522827
