mse: 2.5393311977386475
mae: 1.166121006011963
