mse: 1.3330732583999634
mae: 0.6996816396713257
