mse: 0.9274258017539978
mae: 0.5004404783248901
