mse: 5.309665203094482
mae: 1.926577091217041
