mse: 0.9036272168159485
mae: 0.5012659430503845
