mse: 1.3420101404190063
mae: 0.7044954895973206
