mse: 2.5952391624450684
mae: 1.1875689029693604
