mse: 5.985391616821289
mae: 2.1165106296539307
