mse: 3.5894670486450195
mae: 1.5212377309799194
