mse: 4.405961036682129
mae: 1.7273313999176025
