mse: 0.9216994047164917
mae: 0.5015690922737122
