mse: 0.8995102643966675
mae: 0.5135334134101868
