mse: 0.9002813696861267
mae: 0.5140661001205444
