mse: 0.9726877212524414
mae: 0.516960620880127
