mse: 0.9400767087936401
mae: 0.4939943850040436
