mse: 4.914663791656494
mae: 1.7955937385559082
