mse: 2.451450824737549
mae: 1.1256335973739624
