mse: 2.378035545349121
mae: 1.1080158948898315
