mse: 1.3290313482284546
mae: 0.690729022026062
