mse: 0.8995665311813354
mae: 0.5054396390914917
