mse: 3.3039052486419678
mae: 1.4143586158752441
