mse: 2.1035995483398438
mae: 0.9956220388412476
