mse: 5.509902000427246
mae: 1.9967944622039795
