mse: 1.272717833518982
mae: 0.6796311140060425
