mse: 0.9830225110054016
mae: 0.5279938578605652
