mse: 1.799617052078247
mae: 0.888053297996521
