mse: 0.900316059589386
mae: 0.5157955884933472
