mse: 0.9003206491470337
mae: 0.515756368637085
