mse: 1.169466495513916
mae: 0.6198576092720032
