mse: 0.9040922522544861
mae: 0.5037558674812317
