mse: 0.9013258814811707
mae: 0.5154250860214233
