mse: 4.919156551361084
mae: 1.8119362592697144
