mse: 1.437497854232788
mae: 0.7407251596450806
