mse: 2.1757521629333496
mae: 1.0316537618637085
