mse: 0.900917112827301
mae: 0.5008207559585571
