mse: 1.9927629232406616
mae: 0.9494931697845459
