mse: 1.2181484699249268
mae: 0.6421964168548584
