mse: 0.9202929735183716
mae: 0.5011940598487854
