mse: 1.0655803680419922
mae: 0.5750447511672974
