mse: 1.0519685745239258
mae: 0.5657071471214294
