mse: 0.9003595113754272
mae: 0.515866219997406
