mse: 1.4918220043182373
mae: 0.7595645189285278
