mse: 0.9003875851631165
mae: 0.5160341858863831
