mse: 2.161085605621338
mae: 1.0303407907485962
