mse: 1.2587745189666748
mae: 0.6573829650878906
