mse: 2.313218355178833
mae: 1.1029894351959229
