mse: 1.0142815113067627
mae: 0.5475382804870605
