mse: 0.9521222114562988
mae: 0.5129190683364868
