mse: 0.9000579714775085
mae: 0.5157720446586609
