mse: 5.797553062438965
mae: 2.0263540744781494
