mse: 2.916558027267456
mae: 1.291271448135376
