mse: 2.2640178203582764
mae: 1.0675597190856934
