mse: 1.1960760354995728
mae: 0.6295385360717773
