mse: 5.279278755187988
mae: 1.9150222539901733
