mse: 2.964719295501709
mae: 1.313042163848877
