mse: 0.9007905125617981
mae: 0.515293300151825
