mse: 0.9557573795318604
mae: 0.5135233998298645
