mse: 1.9525566101074219
mae: 0.9335215091705322
