mse: 1.252720832824707
mae: 0.6480920910835266
