mse: 1.365071415901184
mae: 0.7192128300666809
