mse: 0.9037808775901794
mae: 0.5017390251159668
