mse: 2.847268581390381
mae: 1.2953321933746338
