mse: 3.511852264404297
mae: 1.505017638206482
