mse: 1.0132564306259155
mae: 0.5361290574073792
