mse: 1.3621121644973755
mae: 0.7138072848320007
