mse: 0.9219643473625183
mae: 0.4918478727340698
