mse: 2.422323226928711
mae: 1.1316251754760742
