mse: 1.5954636335372925
mae: 0.7922121286392212
