mse: 2.121129274368286
mae: 1.0205265283584595
