mse: 2.504417896270752
mae: 1.174081802368164
