mse: 0.9007770419120789
mae: 0.5012354254722595
