mse: 1.2494230270385742
mae: 0.6544093489646912
