mse: 0.9007672667503357
mae: 0.515350341796875
