mse: 1.320774793624878
mae: 0.691250205039978
