mse: 0.8983694911003113
mae: 0.505188524723053
