mse: 2.5390613079071045
mae: 1.1859976053237915
