mse: 1.1456925868988037
mae: 0.6141214370727539
