mse: 0.900792121887207
mae: 0.5147844552993774
