mse: 6.08165168762207
mae: 2.129350185394287
