mse: 1.08354914188385
mae: 0.5865271091461182
