mse: 1.8391433954238892
mae: 0.9007577300071716
