mse: 2.7297003269195557
mae: 1.238108515739441
