mse: 2.152132987976074
mae: 1.0349714756011963
