mse: 0.9109365344047546
mae: 0.4988628327846527
