mse: 0.8994330167770386
mae: 0.5070405602455139
