mse: 1.108650803565979
mae: 0.5850656032562256
