mse: 0.9397099018096924
mae: 0.5042960047721863
