mse: 2.799520492553711
mae: 1.2678533792495728
