mse: 0.900020182132721
mae: 0.5156531929969788
