mse: 1.0607812404632568
mae: 0.5734805464744568
