mse: 1.572230339050293
mae: 0.7998773455619812
