mse: 1.0190926790237427
mae: 0.5421175360679626
