mse: 1.9038037061691284
mae: 0.9258332848548889
