mse: 0.9021522402763367
mae: 0.5017073154449463
