mse: 2.097839832305908
mae: 1.0108752250671387
