mse: 3.5414841175079346
mae: 1.4878153800964355
