mse: 2.644064426422119
mae: 1.1970670223236084
