mse: 0.9048177599906921
mae: 0.49855875968933105
