mse: 2.1765763759613037
mae: 1.0369813442230225
