mse: 2.581778049468994
mae: 1.1950302124023438
