mse: 0.898539125919342
mae: 0.506677508354187
