mse: 0.9012018442153931
mae: 0.5156320333480835
