mse: 0.9498758912086487
mae: 0.5121878385543823
