mse: 1.0277408361434937
mae: 0.5533251762390137
