mse: 3.818838596343994
mae: 1.5589876174926758
