mse: 3.2453362941741943
mae: 1.4195936918258667
