mse: 1.0201971530914307
mae: 0.5474470257759094
