mse: 1.613407015800476
mae: 0.7982933521270752
