mse: 0.9944037199020386
mae: 0.5352315306663513
