mse: 0.9193134903907776
mae: 0.5011084079742432
