mse: 1.1550337076187134
mae: 0.6226965188980103
