mse: 0.9011958837509155
mae: 0.5155316591262817
