mse: 1.8035883903503418
mae: 0.8877335786819458
