mse: 3.2056186199188232
mae: 1.3746180534362793
