mse: 0.9981968402862549
mae: 0.5386433601379395
