mse: 1.5547059774398804
mae: 0.7947730422019958
