mse: 0.9000520706176758
mae: 0.511790931224823
