mse: 4.611464500427246
mae: 1.7285735607147217
