mse: 0.9007753133773804
mae: 0.5151380300521851
