mse: 2.5254640579223633
mae: 1.1745737791061401
