mse: 2.626798391342163
mae: 1.2081693410873413
