mse: 1.3190464973449707
mae: 0.6890320181846619
