mse: 5.294816017150879
mae: 1.9321041107177734
