mse: 1.215052604675293
mae: 0.6475117802619934
