mse: 1.1308389902114868
mae: 0.6002587080001831
