mse: 1.3489806652069092
mae: 0.6974522471427917
