mse: 1.4518282413482666
mae: 0.7533327341079712
