mse: 2.4096429347991943
mae: 1.118436574935913
