mse: 0.9285747408866882
mae: 0.5033644437789917
