mse: 2.4712610244750977
mae: 1.1404967308044434
