mse: 1.3856537342071533
mae: 0.7263993620872498
