mse: 3.4458141326904297
mae: 1.4565175771713257
