mse: 1.4428305625915527
mae: 0.7440862655639648
