mse: 2.3003005981445312
mae: 1.086302399635315
