mse: 0.9011335968971252
mae: 0.5150482654571533
