mse: 0.9164038300514221
mae: 0.4983196258544922
