mse: 3.5309317111968994
mae: 1.49881911277771
