mse: 1.375415563583374
mae: 0.704318106174469
