mse: 0.9224309325218201
mae: 0.49979278445243835
