mse: 3.121666193008423
mae: 1.363882303237915
