mse: 1.02292001247406
mae: 0.553128719329834
