mse: 2.746581554412842
mae: 1.2539582252502441
