mse: 1.1397881507873535
mae: 0.590043306350708
