mse: 2.319014072418213
mae: 1.0837653875350952
