mse: 2.5491702556610107
mae: 1.1735814809799194
