mse: 0.9574325680732727
mae: 0.5115053057670593
