mse: 1.0240414142608643
mae: 0.5512765049934387
