mse: 1.6414798498153687
mae: 0.8351424336433411
