mse: 1.171990990638733
mae: 0.6303991079330444
