mse: 2.569180488586426
mae: 1.1799771785736084
