mse: 0.8984362483024597
mae: 0.5030115842819214
