mse: 5.087193489074707
mae: 1.9052082300186157
