mse: 0.9198924899101257
mae: 0.5017051100730896
