mse: 0.9940420389175415
mae: 0.5343570113182068
