mse: 0.900227427482605
mae: 0.515396773815155
