mse: 0.8995369076728821
mae: 0.5052627921104431
