mse: 1.1277321577072144
mae: 0.605715274810791
