mse: 0.9523130655288696
mae: 0.5120470523834229
