mse: 2.8000969886779785
mae: 1.2571920156478882
