mse: 3.9007034301757812
mae: 1.5916779041290283
