mse: 0.9016798138618469
mae: 0.5024707913398743
