mse: 2.276761054992676
mae: 1.0619593858718872
