mse: 1.423996090888977
mae: 0.7327308654785156
