mse: 5.077506065368652
mae: 1.83408522605896
