mse: 0.9006795287132263
mae: 0.508604884147644
