mse: 2.683293581008911
mae: 1.2376080751419067
