mse: 0.9003263115882874
mae: 0.5157444477081299
