mse: 1.2330293655395508
mae: 0.6418352127075195
