mse: 2.699674129486084
mae: 1.2421813011169434
