mse: 1.1726877689361572
mae: 0.621734619140625
