mse: 4.179486274719238
mae: 1.672656774520874
