mse: 2.463268518447876
mae: 1.1350277662277222
