mse: 1.0045275688171387
mae: 0.5203426480293274
