mse: 1.438344120979309
mae: 0.7448673248291016
