mse: 0.9458412528038025
mae: 0.5085905194282532
