mse: 0.9478208422660828
mae: 0.5113362073898315
