mse: 3.2199530601501465
mae: 1.3989877700805664
