mse: 0.9039855599403381
mae: 0.4973917007446289
