mse: 0.900123655796051
mae: 0.5156731009483337
