mse: 0.9012758135795593
mae: 0.51520836353302
