mse: 0.9035730361938477
mae: 0.49958372116088867
