mse: 1.319282054901123
mae: 0.6942766904830933
