mse: 1.0441046953201294
mae: 0.5587113499641418
