mse: 5.618199825286865
mae: 1.969527006149292
