mse: 0.8994347453117371
mae: 0.5113985538482666
