mse: 0.8989744782447815
mae: 0.511294960975647
