mse: 0.9001562595367432
mae: 0.5037664771080017
