mse: 0.9001312851905823
mae: 0.5158611536026001
