mse: 0.9252713322639465
mae: 0.4907975494861603
