mse: 4.886241912841797
mae: 1.816005825996399
