mse: 2.4348387718200684
mae: 1.1063772439956665
