mse: 1.144025206565857
mae: 0.6120229959487915
