mse: 0.9101285934448242
mae: 0.5012134313583374
