mse: 0.9965085983276367
mae: 0.5325757265090942
