mse: 1.1448183059692383
mae: 0.611777126789093
