mse: 2.6721689701080322
mae: 1.2137888669967651
