mse: 0.8989206552505493
mae: 0.5033197402954102
