mse: 0.9454878568649292
mae: 0.5082310438156128
