mse: 1.0579625368118286
mae: 0.5699577331542969
