mse: 1.312971591949463
mae: 0.6918493509292603
