mse: 1.9315708875656128
mae: 0.9348929524421692
