mse: 1.0441787242889404
mae: 0.5621841549873352
