mse: 0.8994190096855164
mae: 0.509148359298706
