mse: 1.437883973121643
mae: 0.7415655851364136
