mse: 2.6074230670928955
mae: 1.195921540260315
