mse: 5.232234477996826
mae: 1.9368258714675903
