mse: 0.9000958204269409
mae: 0.5003898739814758
