mse: 1.4994518756866455
mae: 0.7623055577278137
