mse: 1.0563338994979858
mae: 0.5690850615501404
