mse: 0.9189701080322266
mae: 0.4997265338897705
