mse: 5.3305511474609375
mae: 1.9232769012451172
