mse: 0.9004055857658386
mae: 0.5099217295646667
