mse: 0.978485107421875
mae: 0.5208658576011658
