mse: 0.9003499150276184
mae: 0.5157427191734314
