mse: 0.9016525149345398
mae: 0.5059882402420044
