mse: 1.3891431093215942
mae: 0.7312244772911072
