mse: 0.9244616627693176
mae: 0.5020318031311035
