mse: 0.8997421264648438
mae: 0.5082165598869324
