mse: 0.9959319829940796
mae: 0.5344324707984924
