mse: 3.094294309616089
mae: 1.3583040237426758
