mse: 0.8985682725906372
mae: 0.5069512128829956
