mse: 1.623063087463379
mae: 0.8081427216529846
