mse: 0.9007063508033752
mae: 0.5015689134597778
