mse: 1.668568730354309
mae: 0.8400719165802002
