mse: 0.9025622010231018
mae: 0.5043413639068604
