mse: 5.717971324920654
mae: 2.0645642280578613
