mse: 0.9010404348373413
mae: 0.5151657462120056
