mse: 0.8989515900611877
mae: 0.5014676451683044
