mse: 1.4977891445159912
mae: 0.7657114267349243
