mse: 0.9673544764518738
mae: 0.5201109051704407
