mse: 1.0401911735534668
mae: 0.5557090044021606
