mse: 0.983425498008728
mae: 0.5300452709197998
