mse: 1.0488741397857666
mae: 0.5671995282173157
