mse: 0.9002535939216614
mae: 0.5123834609985352
