mse: 0.9793497323989868
mae: 0.5259587168693542
