mse: 0.9005542993545532
mae: 0.5154495239257812
