mse: 3.7605443000793457
mae: 1.559073805809021
