mse: 0.9925650954246521
mae: 0.5361666679382324
