mse: 1.0157257318496704
mae: 0.5476409792900085
