mse: 0.8993895649909973
mae: 0.5071314573287964
