mse: 0.9008325934410095
mae: 0.5150396227836609
