mse: 1.321676254272461
mae: 0.6987866759300232
