mse: 1.877701997756958
mae: 0.9193848967552185
