mse: 1.9111323356628418
mae: 0.9279343485832214
