mse: 1.4192537069320679
mae: 0.739383339881897
