mse: 5.8715386390686035
mae: 2.0936524868011475
