mse: 0.9006423950195312
mae: 0.5139437317848206
