mse: 5.142461776733398
mae: 1.8490160703659058
