mse: 0.9003394246101379
mae: 0.5156903862953186
