mse: 0.90024733543396
mae: 0.5157198905944824
