mse: 1.1290408372879028
mae: 0.6032863855361938
