mse: 0.9031646251678467
mae: 0.5053994059562683
