mse: 0.8991354703903198
mae: 0.5019415020942688
