mse: 0.901993453502655
mae: 0.5001016855239868
