mse: 0.9003890752792358
mae: 0.5159048438072205
