mse: 0.9038287997245789
mae: 0.4972410798072815
