mse: 0.9484257102012634
mae: 0.5118794441223145
