mse: 0.9467535018920898
mae: 0.5113060474395752
