mse: 0.899013102054596
mae: 0.5075751543045044
