mse: 0.901046872138977
mae: 0.5159321427345276
