mse: 5.163583278656006
mae: 1.8987557888031006
