mse: 4.113998889923096
mae: 1.6364672183990479
