mse: 0.9574805498123169
mae: 0.5116392374038696
