mse: 0.9001132249832153
mae: 0.51580810546875
