mse: 0.8998409509658813
mae: 0.513593852519989
