mse: 1.5099825859069824
mae: 0.7827585935592651
