mse: 3.9794692993164062
mae: 1.5852398872375488
