mse: 0.9002957940101624
mae: 0.5122271776199341
