mse: 3.1894960403442383
mae: 1.4059782028198242
