mse: 0.8994566202163696
mae: 0.5017725229263306
