mse: 0.997075617313385
mae: 0.5359331965446472
