mse: 1.834792971611023
mae: 0.8922699689865112
