mse: 0.8987993597984314
mae: 0.507229208946228
