mse: 0.9994837045669556
mae: 0.5389556288719177
