mse: 0.9006794691085815
mae: 0.5156751275062561
