mse: 4.171823024749756
mae: 1.6484174728393555
