mse: 4.203423500061035
mae: 1.6039929389953613
