mse: 4.717453479766846
mae: 1.8042240142822266
