mse: 2.087836265563965
mae: 0.9951826930046082
