mse: 0.9468674063682556
mae: 0.5043843388557434
