mse: 0.9777106642723083
mae: 0.5216129422187805
