mse: 2.6455254554748535
mae: 1.2022784948349
