mse: 0.9011591076850891
mae: 0.5021706223487854
