mse: 2.966938018798828
mae: 1.3001490831375122
