mse: 5.463148593902588
mae: 1.9680227041244507
