mse: 1.484498381614685
mae: 0.7586434483528137
