mse: 0.906864583492279
mae: 0.4977092444896698
