mse: 0.9813987612724304
mae: 0.5274790525436401
