mse: 6.30938196182251
mae: 2.18766713142395
