mse: 1.4932359457015991
mae: 0.770712673664093
