mse: 2.4468255043029785
mae: 1.1348228454589844
