mse: 0.9496909976005554
mae: 0.5102850198745728
