mse: 0.9004747271537781
mae: 0.5155246257781982
