mse: 0.9003406763076782
mae: 0.5044671297073364
