mse: 0.9823020696640015
mae: 0.5270506143569946
