mse: 1.9237592220306396
mae: 0.9397202730178833
