mse: 2.840392827987671
mae: 1.2635467052459717
