mse: 1.0542014837265015
mae: 0.5668630003929138
