mse: 0.9012489318847656
mae: 0.5004003643989563
