mse: 0.8987919688224792
mae: 0.5091766715049744
