mse: 1.0292305946350098
mae: 0.555915117263794
