mse: 0.9063938856124878
mae: 0.497768372297287
