mse: 0.9004051685333252
mae: 0.5002169013023376
