mse: 1.5004640817642212
mae: 0.7666929960250854
