mse: 1.3351422548294067
mae: 0.6852566599845886
