mse: 1.6409300565719604
mae: 0.8097167015075684
