mse: 1.8678772449493408
mae: 0.916179358959198
