mse: 0.9431392550468445
mae: 0.49414706230163574
