mse: 3.1292073726654053
mae: 1.3529064655303955
