mse: 0.9755808711051941
mae: 0.5212958455085754
