mse: 5.439248085021973
mae: 1.9614588022232056
