mse: 1.0093146562576294
mae: 0.542285144329071
