mse: 1.5556809902191162
mae: 0.7903347611427307
