mse: 0.900088906288147
mae: 0.5036430954933167
