mse: 0.19399982690811157
nan_count: 0
mae: 0.32694634795188904
nan_count: 0
