mse: 0.1625596284866333
nan_count: 0
mae: 0.2926237881183624
nan_count: 0
