mse: 0.1695389449596405
nan_count: 0
mae: 0.28647786378860474
nan_count: 0
