mse: 0.1916593313217163
nan_count: 0
mae: 0.3180033266544342
nan_count: 0
