mse: 0.16662479937076569
nan_count: 0
mae: 0.28375667333602905
nan_count: 0
