mse: 0.17410555481910706
nan_count: 0
mae: 0.29482463002204895
nan_count: 0
