mse: 0.15800027549266815
nan_count: 0
mae: 0.2823571264743805
nan_count: 0
