mse: 0.19050262868404388
nan_count: 0
mae: 0.32555556297302246
nan_count: 0
