mse: 0.16677607595920563
nan_count: 0
mae: 0.28394317626953125
nan_count: 0
