mse: 0.19996881484985352
nan_count: 0
mae: 0.3315459191799164
nan_count: 0
