mse: 0.16661551594734192
nan_count: 0
mae: 0.2836701273918152
nan_count: 0
