mse: 0.1667194664478302
nan_count: 0
mae: 0.28388792276382446
nan_count: 0
