mse: 0.15830513834953308
nan_count: 0
mae: 0.28240638971328735
nan_count: 0
