mse: 0.16670705378055573
nan_count: 0
mae: 0.2838607132434845
nan_count: 0
