mse: 0.15791036188602448
nan_count: 0
mae: 0.28241047263145447
nan_count: 0
