mse: 0.1730455607175827
nan_count: 0
mae: 0.3038458526134491
nan_count: 0
