mse: 0.17539089918136597
nan_count: 0
mae: 0.3057846128940582
nan_count: 0
