mse: 0.1666458696126938
nan_count: 0
mae: 0.2837825119495392
nan_count: 0
