mse: 0.1666402518749237
nan_count: 0
mae: 0.28376641869544983
nan_count: 0
