mse: 0.16962535679340363
nan_count: 0
mae: 0.29168838262557983
nan_count: 0
