mse: 0.17428864538669586
nan_count: 0
mae: 0.2950928807258606
nan_count: 0
