mse: 0.16668172180652618
nan_count: 0
mae: 0.2838376760482788
nan_count: 0
