mse: 0.16673025488853455
nan_count: 0
mae: 0.2838640809059143
nan_count: 0
