mse: 0.16673244535923004
nan_count: 0
mae: 0.28389212489128113
nan_count: 0
