mse: 0.19915799796581268
nan_count: 0
mae: 0.33100584149360657
nan_count: 0
