mse: 0.1894521564245224
nan_count: 0
mae: 0.3197129964828491
nan_count: 0
