mse: 0.1667705774307251
nan_count: 0
mae: 0.2839137613773346
nan_count: 0
