mse: 0.16662445664405823
nan_count: 0
mae: 0.283717542886734
nan_count: 0
