mse: 0.19342662394046783
nan_count: 0
mae: 0.32686126232147217
nan_count: 0
