mse: 0.17431485652923584
nan_count: 0
mae: 0.29558029770851135
nan_count: 0
