mse: 0.15791624784469604
nan_count: 0
mae: 0.2821798324584961
nan_count: 0
