mse: 0.19982947409152985
nan_count: 0
mae: 0.33079150319099426
nan_count: 0
