mse: 0.15785479545593262
nan_count: 0
mae: 0.282360702753067
nan_count: 0
