mse: 0.16665713489055634
nan_count: 0
mae: 0.2838016152381897
nan_count: 0
