mse: 0.19927531480789185
nan_count: 0
mae: 0.332062691450119
nan_count: 0
