mse: 0.17431354522705078
nan_count: 0
mae: 0.29509153962135315
nan_count: 0
