mse: 0.19844982028007507
nan_count: 0
mae: 0.33089905977249146
nan_count: 0
