mse: 0.16681213676929474
nan_count: 0
mae: 0.2890697419643402
nan_count: 0
