mse: 0.1931692510843277
nan_count: 0
mae: 0.32594677805900574
nan_count: 0
