mse: 0.16671700775623322
nan_count: 0
mae: 0.283833384513855
nan_count: 0
