mse: 0.163372203707695
nan_count: 0
mae: 0.2864511013031006
nan_count: 0
