mse: 0.17454732954502106
nan_count: 0
mae: 0.29585036635398865
nan_count: 0
