mse: 0.15807032585144043
nan_count: 0
mae: 0.28257155418395996
nan_count: 0
