mse: 0.15815582871437073
nan_count: 0
mae: 0.2827223837375641
nan_count: 0
