mse: 0.2011967897415161
nan_count: 0
mae: 0.331893652677536
nan_count: 0
