mse: 0.16664670407772064
nan_count: 0
mae: 0.28378406167030334
nan_count: 0
