mse: 0.1666955053806305
nan_count: 0
mae: 0.28386449813842773
nan_count: 0
