mse: 0.17432871460914612
nan_count: 0
mae: 0.2956238090991974
nan_count: 0
