mse: 0.19382935762405396
nan_count: 0
mae: 0.3283799886703491
nan_count: 0
