mse: 0.7775188088417053
nan_count: 0
mae: 0.6664837002754211
nan_count: 0
