mse: 0.6511768102645874
nan_count: 0
mae: 0.6206411719322205
nan_count: 0
