mse: 0.5520561337471008
nan_count: 0
mae: 0.4927731454372406
nan_count: 0
