mse: 0.5389977097511292
nan_count: 0
mae: 0.48776403069496155
nan_count: 0
