mse: 0.5327240228652954
nan_count: 0
mae: 0.48313310742378235
nan_count: 0
