mse: 0.6128429770469666
mae: 0.6406100392341614
