mse: 1.548541784286499
mae: 1.0589512586593628
