mse: 0.28217408061027527
mae: 0.333222359418869
