mse: 0.28210169076919556
mae: 0.3333243727684021
