mse: 0.28202900290489197
mae: 0.3331717848777771
