mse: 0.2820449769496918
mae: 0.33321914076805115
