mse: 0.2819836139678955
mae: 0.3331886827945709
