mse: 0.2836863100528717
mae: 0.3358096480369568
