mse: 0.2836831212043762
mae: 0.33406683802604675
