mse: 0.2824363708496094
mae: 0.3334433436393738
