mse: 0.2860613763332367
mae: 0.3358377516269684
