mse: 0.28234148025512695
mae: 0.33328062295913696
