mse: 0.28429222106933594
mae: 0.33439770340919495
