mse: 0.2854158580303192
mae: 0.33521267771720886
