mse: 0.2850809097290039
mae: 0.33496764302253723
