mse: 0.2817468047142029
mae: 0.33326345682144165
