mse: 0.2827935218811035
mae: 0.3335464894771576
