mse: 0.2845384478569031
mae: 0.33459240198135376
