mse: 0.285663366317749
mae: 0.33543211221694946
