mse: 0.2843688726425171
mae: 0.3345111608505249
