mse: 0.2817036211490631
mae: 0.3331925868988037
