mse: 0.2856007218360901
mae: 0.3353675305843353
