mse: 0.2850123345851898
mae: 0.3349582850933075
