mse: 0.28505393862724304
mae: 0.33495527505874634
