mse: 0.28401610255241394
mae: 0.33428025245666504
