mse: 0.28205057978630066
mae: 0.3333647549152374
