mse: 0.2827129364013672
mae: 0.3335942029953003
