mse: 0.28468385338783264
mae: 0.3346806764602661
