mse: 0.391386479139328
mae: 0.3948783278465271
