mse: 0.28411865234375
mae: 0.3342758119106293
