mse: 0.2837027609348297
mae: 0.33399373292922974
