mse: 0.28503429889678955
mae: 0.33497315645217896
