mse: 0.2855767607688904
mae: 0.3354014754295349
