mse: 0.2836594581604004
mae: 0.3340456187725067
