mse: 0.28505778312683105
mae: 0.33498287200927734
