mse: 0.2831629514694214
mae: 0.3336758315563202
