mse: 0.2837013006210327
mae: 0.33400461077690125
