mse: 0.2845967411994934
mae: 0.3346007466316223
