mse: 0.28327709436416626
mae: 0.33383744955062866
