mse: 0.28243502974510193
mae: 0.33328431844711304
