mse: 0.28605613112449646
mae: 0.3358500897884369
