mse: 0.28189340233802795
mae: 0.33318030834198
