mse: 0.2851208746433258
mae: 0.33498769998550415
