mse: 0.2831999957561493
mae: 0.3337579667568207
