mse: 0.28279897570610046
mae: 0.3335345387458801
