mse: 0.2845671772956848
mae: 0.33459144830703735
