mse: 0.2846052646636963
mae: 0.3346570134162903
