mse: 0.28464996814727783
mae: 0.3347044587135315
