mse: 0.28317758440971375
mae: 0.3337933123111725
