mse: 0.28323104977607727
mae: 0.3336862325668335
