mse: 0.2836533784866333
mae: 0.33394765853881836
