mse: 0.2846275866031647
mae: 0.33462151885032654
