mse: 0.2831953763961792
mae: 0.333770751953125
