mse: 0.2822631299495697
mae: 0.3332935869693756
