mse: 0.2860645353794098
mae: 0.3358219563961029
