mse: 0.28290295600891113
mae: 0.3335501551628113
