mse: 0.28284937143325806
mae: 0.33347415924072266
