mse: 0.28607842326164246
mae: 0.33579567074775696
