mse: 0.2861427664756775
mae: 0.33589980006217957
