mse: 0.2857194244861603
mae: 0.3354649543762207
