mse: 0.28210383653640747
mae: 0.3333660364151001
