mse: 0.28338536620140076
mae: 0.3338302969932556
