mse: 0.2833130955696106
mae: 0.33370324969291687
