mse: 0.2854959964752197
mae: 0.3353733718395233
