mse: 0.2828352451324463
mae: 0.3335350453853607
