mse: 0.2815922200679779
mae: 0.3333272635936737
