mse: 0.28409022092819214
mae: 0.3342655301094055
