mse: 0.2820010483264923
mae: 0.33315104246139526
