mse: 0.2857323884963989
mae: 0.3354687988758087
