mse: 0.28516584634780884
mae: 0.33498415350914
