mse: 0.28599247336387634
mae: 0.33571043610572815
