mse: 0.28563064336776733
mae: 0.33542633056640625
