mse: 0.2836707830429077
mae: 0.3339848518371582
