mse: 0.2851402163505554
mae: 0.33506011962890625
