mse: 0.28211623430252075
mae: 0.3333125412464142
