mse: 0.2859863340854645
mae: 0.3357437252998352
