mse: 0.24551324546337128
mae: 0.29294532537460327
