mse: 0.2817424237728119
mae: 0.3332728445529938
