mse: 0.28393757343292236
mae: 0.33421218395233154
