mse: 0.2817283868789673
mae: 0.33330556750297546
