mse: 0.2854982018470764
mae: 0.33537667989730835
