mse: 0.2838837206363678
mae: 0.3341289460659027
