mse: 0.28485581278800964
mae: 0.3348343074321747
