mse: 0.2846083641052246
mae: 0.33457401394844055
