mse: 0.2849215865135193
mae: 0.33501195907592773
