mse: 0.2845207750797272
mae: 0.3346092104911804
