mse: 0.2824437618255615
mae: 0.3334052860736847
