mse: 0.28373485803604126
mae: 0.33535248041152954
