mse: 0.28373318910598755
mae: 0.33394554257392883
