mse: 0.2825099527835846
mae: 0.33340150117874146
