mse: 0.2861955761909485
mae: 0.3359217643737793
