mse: 0.28265392780303955
mae: 0.3334803879261017
