mse: 0.28505629301071167
mae: 0.33496546745300293
