mse: 0.2845008075237274
mae: 0.33488792181015015
