mse: 0.2860119044780731
mae: 0.33584463596343994
