mse: 0.28608712553977966
mae: 0.33577626943588257
