mse: 0.28157153725624084
mae: 0.3330731987953186
