mse: 0.28150421380996704
mae: 0.332945853471756
