mse: 0.2824280560016632
mae: 0.3334903419017792
