mse: 0.28410953283309937
mae: 0.33434033393859863
