mse: 0.2841385006904602
mae: 0.33430150151252747
