mse: 0.24557700753211975
mae: 0.2928667962551117
