mse: 0.2840709686279297
mae: 0.3342641592025757
