mse: 0.2836146056652069
mae: 0.33401885628700256
