mse: 0.2856277525424957
mae: 0.33543696999549866
