mse: 0.28350403904914856
mae: 0.3339296281337738
