mse: 0.2846623361110687
mae: 0.3345906138420105
