mse: 0.2833055853843689
mae: 0.3337625563144684
