mse: 0.28608354926109314
mae: 0.3358718156814575
