mse: 0.2854430079460144
mae: 0.3352969288825989
