mse: 0.2832372188568115
mae: 0.3337457478046417
