mse: 0.284148633480072
mae: 0.3343692421913147
