mse: 0.2836551368236542
mae: 0.3339267075061798
