mse: 0.2851157784461975
mae: 0.33496713638305664
