mse: 0.28212791681289673
mae: 0.33322998881340027
