mse: 0.28559571504592896
mae: 0.3354075253009796
