mse: 0.2827639579772949
mae: 0.33346250653266907
