mse: 0.2816643714904785
mae: 0.3333005905151367
