mse: 0.2827882766723633
mae: 0.3336237668991089
