mse: 0.28365108370780945
mae: 0.3339940309524536
