mse: 0.2853497266769409
mae: 0.33516809344291687
