mse: 0.28411030769348145
mae: 0.3342563211917877
