mse: 0.28300991654396057
mae: 0.3336588740348816
