mse: 0.2823525369167328
mae: 0.33347082138061523
