mse: 0.2823907136917114
mae: 0.33333882689476013
