mse: 0.28415194153785706
mae: 0.33489981293678284
