mse: 0.2809758186340332
mae: 0.3323436677455902
