mse: 0.2845862805843353
mae: 0.3346044421195984
