mse: 0.28239706158638
mae: 0.33331409096717834
