mse: 0.28557977080345154
mae: 0.3353939950466156
