mse: 0.2816506028175354
mae: 0.3330174386501312
