mse: 0.2827335596084595
mae: 0.33345773816108704
