mse: 0.28418153524398804
mae: 0.33424580097198486
