mse: 0.2837100625038147
mae: 0.33639076352119446
