mse: 0.28616949915885925
mae: 0.3359260559082031
