mse: 0.2851342558860779
mae: 0.3350033760070801
