mse: 0.28201714158058167
mae: 0.3333917260169983
