mse: 0.28280189633369446
mae: 0.33356064558029175
