mse: 0.28176045417785645
mae: 0.3331569731235504
