mse: 0.2825237214565277
mae: 0.3333403170108795
