mse: 0.28327155113220215
mae: 0.3337570130825043
