mse: 0.28553909063339233
mae: 0.33538195490837097
