mse: 0.281668096780777
mae: 0.3330968916416168
