mse: 0.28387966752052307
mae: 0.3350471556186676
