mse: 0.283825159072876
mae: 0.3371087312698364
