mse: 0.2824326157569885
mae: 0.33341270685195923
