mse: 0.2841036915779114
mae: 0.3342285454273224
