mse: 0.2815124988555908
mae: 0.33310094475746155
