mse: 0.356343537569046
mae: 0.3952780067920685
