mse: 0.3438739478588104
mae: 0.3771561086177826
