mse: 0.3455161452293396
mae: 0.3791332542896271
