mse: 0.34361058473587036
mae: 0.3770923316478729
