mse: 0.3445075452327728
mae: 0.37834998965263367
