mse: 0.34443989396095276
mae: 0.37762218713760376
