mse: 0.35568535327911377
mae: 0.39630988240242004
