mse: 0.34627705812454224
mae: 0.38113418221473694
