mse: 0.36059999465942383
mae: 0.40256837010383606
