mse: 0.34411683678627014
mae: 0.3771461248397827
