mse: 0.35707888007164
mae: 0.3963664174079895
