mse: 0.35987985134124756
mae: 0.40170279145240784
