mse: 0.4019061028957367
mae: 0.444885790348053
