mse: 0.35673242807388306
mae: 0.3960716426372528
