mse: 0.3455010652542114
mae: 0.3809623420238495
