mse: 0.369377076625824
mae: 0.4112372398376465
