mse: 0.3451864719390869
mae: 0.38036710023880005
