mse: 0.4193064868450165
mae: 0.4592725932598114
