mse: 0.353992223739624
mae: 0.39415568113327026
