mse: 0.44811949133872986
mae: 0.4883384704589844
