mse: 0.36777299642562866
mae: 0.4090622365474701
