mse: 0.3443496823310852
mae: 0.377370148897171
