mse: 0.346454918384552
mae: 0.3824227452278137
