mse: 0.35419949889183044
mae: 0.3943522572517395
