mse: 0.34335875511169434
mae: 0.37641334533691406
