mse: 0.3489242196083069
mae: 0.3852466642856598
