mse: 0.3438641130924225
mae: 0.37648648023605347
