mse: 0.3454490005970001
mae: 0.3790423274040222
