mse: 0.34640344977378845
mae: 0.38151440024375916
