mse: 0.34399163722991943
mae: 0.37716150283813477
