mse: 0.34601470828056335
mae: 0.379075825214386
