mse: 0.34604981541633606
mae: 0.37913164496421814
