mse: 0.34590041637420654
mae: 0.37900298833847046
