mse: 0.34441813826560974
mae: 0.37812408804893494
