mse: 0.2992573380470276
mae: 0.35037603974342346
