mse: 0.34516632556915283
mae: 0.37850502133369446
