mse: 0.3504475951194763
mae: 0.38828063011169434
