mse: 0.3448757231235504
mae: 0.378052681684494
