mse: 0.34428560733795166
mae: 0.37750524282455444
