mse: 0.3460594415664673
mae: 0.3791452944278717
