mse: 0.36611878871917725
mae: 0.4068879783153534
