mse: 0.4887017607688904
mae: 0.5157842636108398
