mse: 0.3467298150062561
mae: 0.3821096420288086
