mse: 0.3678765296936035
mae: 0.40944501757621765
