mse: 0.3443427085876465
mae: 0.37813690304756165
