mse: 0.3621290326118469
mae: 0.40245407819747925
