mse: 0.3461371958255768
mae: 0.37926849722862244
