mse: 0.344877690076828
mae: 0.37850239872932434
