mse: 0.44792401790618896
mae: 0.48297038674354553
