mse: 0.36910200119018555
mae: 0.41062554717063904
