mse: 0.34405699372291565
mae: 0.3775031566619873
