mse: 0.3438907563686371
mae: 0.37730059027671814
