mse: 0.3452035188674927
mae: 0.3807467520236969
