mse: 0.3669852018356323
mae: 0.4083603322505951
