mse: 0.3455968499183655
mae: 0.38001877069473267
