mse: 0.3505668640136719
mae: 0.38833290338516235
