mse: 0.4031434655189514
mae: 0.44632312655448914
