mse: 0.34466806054115295
mae: 0.3785000443458557
