mse: 0.345451682806015
mae: 0.3787466585636139
