mse: 0.34604793787002563
mae: 0.37918663024902344
