mse: 0.34469759464263916
mae: 0.37844398617744446
