mse: 0.35688865184783936
mae: 0.3982512950897217
