mse: 0.346071720123291
mae: 0.379149466753006
