mse: 0.44967222213745117
mae: 0.4868011176586151
