mse: 0.3452755808830261
mae: 0.3802146017551422
