mse: 0.3498125672340393
mae: 0.3876965045928955
