mse: 0.3495953381061554
mae: 0.3866399824619293
