mse: 0.34466737508773804
mae: 0.37768420577049255
