mse: 0.34598976373672485
mae: 0.3809873163700104
