mse: 0.3508167564868927
mae: 0.38966280221939087
