mse: 0.34486711025238037
mae: 0.3780999481678009
