mse: 0.34590286016464233
mae: 0.37904179096221924
