mse: 0.3451227843761444
mae: 0.3784313201904297
