mse: 0.34564369916915894
mae: 0.37870287895202637
