mse: 0.3487755060195923
mae: 0.38681188225746155
