mse: 0.3443339169025421
mae: 0.377277135848999
