mse: 0.34506067633628845
mae: 0.3788847327232361
