mse: 0.3460770845413208
mae: 0.3792116940021515
