mse: 0.3523551821708679
mae: 0.3914935290813446
