mse: 0.3426035940647125
mae: 0.3749895393848419
