mse: 0.34574902057647705
mae: 0.3789302706718445
