mse: 0.3429209291934967
mae: 0.37538471817970276
