mse: 0.3447331488132477
mae: 0.3788076341152191
