mse: 0.34401196241378784
mae: 0.37691864371299744
