mse: 0.3454631567001343
mae: 0.3787294030189514
