mse: 0.36697980761528015
mae: 0.40836456418037415
