mse: 0.48755311965942383
mae: 0.5105871558189392
