mse: 0.3457883596420288
mae: 0.38021373748779297
