mse: 0.3450678586959839
mae: 0.38025060296058655
