mse: 0.38014188408851624
mae: 0.4223611354827881
