mse: 0.3475536108016968
mae: 0.3833935260772705
