mse: 0.3438602089881897
mae: 0.37727779150009155
