mse: 0.34493979811668396
mae: 0.3780776262283325
