mse: 0.3488810360431671
mae: 0.3850429654121399
