mse: 0.36172783374786377
mae: 0.40428707003593445
