mse: 0.3685210943222046
mae: 0.41256025433540344
