mse: 0.3898409307003021
mae: 0.43462613224983215
