mse: 0.4150506258010864
mae: 0.45872417092323303
