mse: 0.3817547559738159
mae: 0.4246434271335602
