mse: 0.35675299167633057
mae: 0.3956974744796753
