mse: 0.4234978258609772
mae: 0.46534064412117004
