mse: 0.34339359402656555
mae: 0.37629377841949463
