mse: 0.46334466338157654
mae: 0.4973693788051605
