mse: 0.34597447514533997
mae: 0.3790179193019867
