mse: 0.34614238142967224
mae: 0.3814719021320343
