mse: 0.34407785534858704
mae: 0.3774292767047882
