mse: 0.3461703956127167
mae: 0.3810184597969055
