mse: 0.3447638154029846
mae: 0.3788767158985138
