mse: 0.3448379635810852
mae: 0.3789140284061432
