mse: 0.3623043894767761
mae: 0.40491679310798645
