mse: 0.3448812663555145
mae: 0.3800909221172333
