mse: 0.34562885761260986
mae: 0.3787318468093872
