mse: 0.34595349431037903
mae: 0.37898167967796326
