mse: 0.3598160743713379
mae: 0.4016689658164978
