mse: 0.34485024213790894
mae: 0.3783547580242157
