mse: 0.3470977246761322
mae: 0.3832939565181732
