mse: 0.34586337208747864
mae: 0.3789864778518677
