mse: 0.34591278433799744
mae: 0.3789566159248352
