mse: 0.3470112383365631
mae: 0.3828696012496948
