mse: 0.34812650084495544
mae: 0.3846326768398285
