mse: 0.3708179295063019
mae: 0.4141198992729187
