mse: 0.3449610769748688
mae: 0.37906312942504883
