mse: 0.44976934790611267
mae: 0.48543643951416016
