mse: 0.34954825043678284
mae: 0.3865356743335724
