mse: 0.34338444471359253
mae: 0.37620195746421814
