mse: 0.3446974754333496
mae: 0.3781072795391083
