mse: 0.4847964644432068
mae: 0.5128259062767029
