mse: 0.39838677644729614
mae: 0.4403020739555359
