mse: 0.3834042251110077
mae: 0.42692098021507263
