mse: 0.3976496160030365
mae: 0.4397018849849701
