mse: 0.4022061824798584
mae: 0.44626584649086
