mse: 0.34506404399871826
mae: 0.37862545251846313
