mse: 0.3457125723361969
mae: 0.37862077355384827
