mse: 0.345870703458786
mae: 0.37885546684265137
