mse: 0.34230828285217285
mae: 0.3746824562549591
