mse: 0.34375202655792236
mae: 0.3766144812107086
