mse: 0.34593653678894043
mae: 0.37899690866470337
