mse: 0.3001239597797394
mae: 0.3495570719242096
