mse: 0.4038645923137665
mae: 0.4497750401496887
