mse: 0.34513136744499207
mae: 0.3779750466346741
