mse: 0.34516701102256775
mae: 0.37897005677223206
