mse: 0.3481435775756836
mae: 0.3856995701789856
