mse: 0.3838252127170563
mae: 0.43008941411972046
