mse: 0.34550541639328003
mae: 0.3783402442932129
