mse: 0.34452205896377563
mae: 0.37801143527030945
