mse: 0.35259562730789185
mae: 0.3897688090801239
