mse: 0.3433772027492523
mae: 0.3756755590438843
