mse: 0.37099015712738037
mae: 0.41543295979499817
