mse: 0.34425458312034607
mae: 0.37774205207824707
