mse: 0.3524068295955658
mae: 0.3907509446144104
