mse: 0.34956464171409607
mae: 0.3872034251689911
