mse: 0.3523940443992615
mae: 0.39001360535621643
