mse: 0.35388174653053284
mae: 0.3943869471549988
