mse: 0.34484872221946716
mae: 0.37796521186828613
