mse: 0.45260709524154663
mae: 0.48853883147239685
