mse: 0.34573906660079956
mae: 0.37892401218414307
