mse: 0.350437730550766
mae: 0.3881945013999939
