mse: 0.3443511426448822
mae: 0.3777920603752136
