mse: 0.3438764214515686
mae: 0.3768896758556366
