mse: 0.34485575556755066
mae: 0.3787858486175537
