mse: 0.3778613805770874
mae: 0.42339709401130676
