mse: 0.3451394736766815
mae: 0.37817052006721497
