mse: 0.38002684712409973
mae: 0.4221552312374115
