mse: 0.34502527117729187
mae: 0.37855833768844604
