mse: 0.3435141146183014
mae: 0.3763488531112671
