mse: 0.3687787353992462
mae: 0.4128759205341339
