mse: 0.3451436758041382
mae: 0.37820324301719666
