mse: 0.34465113282203674
mae: 0.37821292877197266
