mse: 0.3444114029407501
mae: 0.37796005606651306
