mse: 0.3540491461753845
mae: 0.39441707730293274
