mse: 0.3446026146411896
mae: 0.3784410357475281
