mse: 0.42454060912132263
mae: 0.4646865129470825
