mse: 0.34955862164497375
mae: 0.3865238130092621
