mse: 0.3453328013420105
mae: 0.3785243630409241
