mse: 0.3460662364959717
mae: 0.37913620471954346
