mse: 0.448588103055954
mae: 0.48591575026512146
