mse: 0.3597440719604492
mae: 0.40190964937210083
