mse: 0.34480127692222595
mae: 0.3785967230796814
