mse: 0.34517040848731995
mae: 0.37864282727241516
