mse: 0.344379186630249
mae: 0.3780617415904999
