mse: 0.3457746207714081
mae: 0.37898656725883484
