mse: 0.34358543157577515
mae: 0.3771364688873291
