mse: 0.34522557258605957
mae: 0.3786577880382538
