mse: 0.3460714519023895
mae: 0.3791757822036743
