mse: 0.354626327753067
mae: 0.3937738835811615
