mse: 0.3448452353477478
mae: 0.37896305322647095
