mse: 0.34530824422836304
mae: 0.3787420988082886
