mse: 0.34558212757110596
mae: 0.37960386276245117
