mse: 0.4002973735332489
mae: 0.44303274154663086
