mse: 0.35291042923927307
mae: 0.39104533195495605
