mse: 0.3649942874908447
mae: 0.408405065536499
