mse: 0.3456505537033081
mae: 0.3788416385650635
