mse: 0.3444161117076874
mae: 0.3774659037590027
