mse: 0.3455849885940552
mae: 0.37874820828437805
