mse: 0.34547579288482666
mae: 0.3787955641746521
