mse: 0.35815849900245667
mae: 0.399637907743454
