mse: 0.34301531314849854
mae: 0.37579911947250366
