mse: 0.4251195192337036
mae: 0.46583542227745056
