mse: 0.34495797753334045
mae: 0.3786379396915436
