mse: 0.3446514308452606
mae: 0.3775970935821533
