mse: 0.349059522151947
mae: 0.3862552344799042
