mse: 0.3445889353752136
mae: 0.37745168805122375
