mse: 0.3434223234653473
mae: 0.37637874484062195
