mse: 0.345603346824646
mae: 0.3799023926258087
