mse: 0.34615030884742737
mae: 0.3811416029930115
