mse: 0.3433556854724884
mae: 0.37588101625442505
