mse: 0.3454204201698303
mae: 0.378660649061203
