mse: 0.3664056360721588
mae: 0.40900006890296936
