mse: 0.4198930859565735
mae: 0.4651641845703125
