mse: 0.4752463698387146
mae: 0.5030626058578491
