mse: 0.3452429175376892
mae: 0.3786649703979492
