mse: 0.3459210991859436
mae: 0.37897422909736633
