mse: 0.35341766476631165
mae: 0.39249134063720703
