mse: 0.35341060161590576
mae: 0.39287063479423523
