mse: 0.3439827561378479
mae: 0.3774556815624237
