mse: 0.3432229161262512
mae: 0.3760342299938202
