mse: 0.37153708934783936
mae: 0.41470974683761597
