mse: 0.3459129333496094
mae: 0.38121452927589417
