mse: 0.3459557890892029
mae: 0.37902215123176575
