mse: 0.3558671772480011
mae: 0.394369900226593
