mse: 0.343618243932724
mae: 0.3767762780189514
