mse: 0.3437243700027466
mae: 0.3771909177303314
