mse: 0.3447279930114746
mae: 0.3779880106449127
