mse: 0.3569786846637726
mae: 0.3955744504928589
