mse: 0.34403327107429504
mae: 0.37707579135894775
