mse: 0.36168143153190613
mae: 0.40322163701057434
