mse: 0.4519917368888855
mae: 0.4873027205467224
