mse: 0.3448381721973419
mae: 0.3782805800437927
