mse: 0.34347301721572876
mae: 0.37723642587661743
