mse: 0.343781977891922
mae: 0.3770902454853058
