mse: 0.4454192519187927
mae: 0.48036712408065796
