mse: 0.35701337456703186
mae: 0.3965354859828949
