mse: 0.3570598065853119
mae: 0.39740559458732605
