mse: 0.3420945405960083
mae: 0.3745022118091583
