mse: 0.5358962416648865
mae: 0.5422176122665405
