mse: 0.34356632828712463
mae: 0.3765336573123932
