mse: 0.3460347056388855
mae: 0.37905505299568176
