mse: 0.34632280468940735
mae: 0.3817158341407776
