mse: 0.34482342004776
mae: 0.37806326150894165
