mse: 0.3460964262485504
mae: 0.37916478514671326
