mse: 0.3533490300178528
mae: 0.39324185252189636
