mse: 0.36719438433647156
mae: 0.41079181432724
