mse: 0.34478500485420227
mae: 0.3782740831375122
