mse: 0.34613537788391113
mae: 0.37925392389297485
