mse: 0.3876892328262329
mae: 0.43265411257743835
