mse: 0.34721407294273376
mae: 0.38371890783309937
