mse: 0.3680790662765503
mae: 0.4099901616573334
