mse: 0.343091756105423
mae: 0.3766380250453949
