mse: 0.3452509343624115
mae: 0.3783999979496002
