mse: 0.3438178598880768
mae: 0.37684890627861023
