mse: 0.34538283944129944
mae: 0.3801935315132141
