mse: 0.34416118264198303
mae: 0.37733832001686096
