mse: 0.40156885981559753
mae: 0.4479430615901947
