mse: 0.35980546474456787
mae: 0.4001491665840149
