mse: 0.3445642590522766
mae: 0.3777492642402649
