mse: 0.3453923463821411
mae: 0.3786565363407135
