mse: 0.5945264101028442
mae: 0.5773455500602722
