mse: 0.34547173976898193
mae: 0.37977471947669983
