mse: 0.34544381499290466
mae: 0.3794914484024048
