mse: 0.34615081548690796
mae: 0.3792630434036255
