mse: 0.34571391344070435
mae: 0.37886786460876465
