mse: 0.34373506903648376
mae: 0.37661269307136536
