mse: 0.3446749746799469
mae: 0.377864271402359
