mse: 0.34608590602874756
mae: 0.37920886278152466
