mse: 0.34454506635665894
mae: 0.3773649334907532
