mse: 0.3454294800758362
mae: 0.37996530532836914
