mse: 0.3488460183143616
mae: 0.3859812319278717
