mse: 0.3450855016708374
mae: 0.378278523683548
