mse: 0.3435015082359314
mae: 0.37652650475502014
