mse: 0.3461800217628479
mae: 0.3824949264526367
