mse: 0.34614962339401245
mae: 0.379274845123291
