mse: 0.34499022364616394
mae: 0.37823015451431274
