mse: 0.3462068736553192
mae: 0.38143137097358704
