mse: 0.44492316246032715
mae: 0.4805253744125366
