mse: 0.3447236120700836
mae: 0.37872835993766785
