mse: 0.34308961033821106
mae: 0.3758660554885864
