mse: 0.3456088900566101
mae: 0.37869760394096375
