mse: 0.362368106842041
mae: 0.402302622795105
