mse: 0.3827947974205017
mae: 0.4259672164916992
