mse: 0.3442709445953369
mae: 0.37809333205223083
