mse: 0.46200522780418396
mae: 0.49419930577278137
