mse: 0.343779057264328
mae: 0.3767569959163666
