mse: 0.4264262616634369
mae: 0.46792951226234436
