mse: 0.3489986062049866
mae: 0.38487929105758667
