mse: 0.3464087247848511
mae: 0.38116905093193054
