mse: 0.34604382514953613
mae: 0.3791370987892151
