mse: 0.34494152665138245
mae: 0.37837135791778564
