mse: 0.3451542556285858
mae: 0.37820422649383545
