mse: 0.356242835521698
mae: 0.3947887420654297
