mse: 0.3524971306324005
mae: 0.39090093970298767
