mse: 0.368774950504303
mae: 0.4098688066005707
