mse: 0.3504103422164917
mae: 0.38891395926475525
