mse: 0.3605833351612091
mae: 0.40314459800720215
