mse: 0.36207786202430725
mae: 0.40235593914985657
