mse: 0.3567078411579132
mae: 0.3958489000797272
