mse: 0.34430915117263794
mae: 0.37764471769332886
