mse: 0.34488293528556824
mae: 0.37869247794151306
