mse: 0.38435372710227966
mae: 0.43043217062950134
