mse: 0.34328266978263855
mae: 0.37625935673713684
