mse: 0.3451925218105316
mae: 0.3785552382469177
