mse: 0.3439773917198181
mae: 0.3774925470352173
