mse: 0.34382009506225586
mae: 0.3771870732307434
