mse: 0.34563905000686646
mae: 0.37871527671813965
