mse: 0.48109036684036255
mae: 0.5089894533157349
