mse: 0.3450048863887787
mae: 0.3784315884113312
