mse: 0.3571491837501526
mae: 0.3974955379962921
