mse: 0.344802588224411
mae: 0.3790048360824585
