mse: 0.3559362590312958
mae: 0.395662397146225
