mse: 0.34593942761421204
mae: 0.3790828287601471
