mse: 0.3459595739841461
mae: 0.37899768352508545
