mse: 0.29937490820884705
mae: 0.35048824548721313
