mse: 0.3442801237106323
mae: 0.37888920307159424
