mse: 0.4234883785247803
mae: 0.4677903354167938
