mse: 0.34517544507980347
mae: 0.37906259298324585
