mse: 0.3659534752368927
mae: 0.40729060769081116
