mse: 0.3448721170425415
mae: 0.3788653612136841
