mse: 0.3562818765640259
mae: 0.39690038561820984
