mse: 0.34415557980537415
mae: 0.3775469660758972
