mse: 0.3456934988498688
mae: 0.37887832522392273
