mse: 0.34378230571746826
mae: 0.37677058577537537
