mse: 0.35091060400009155
mae: 0.38917335867881775
