mse: 0.344352126121521
mae: 0.37734225392341614
