mse: 0.3457579016685486
mae: 0.37894758582115173
