mse: 0.34325724840164185
mae: 0.376163512468338
