mse: 0.3527374267578125
mae: 0.39026427268981934
