mse: 0.4148310124874115
mae: 0.4572054445743561
