mse: 0.3672114312648773
mae: 0.40797340869903564
