mse: 0.3432203531265259
mae: 0.37621426582336426
