mse: 0.3476239740848541
mae: 0.3836740553379059
