mse: 0.3464099168777466
mae: 0.38147440552711487
