mse: 0.4229203164577484
mae: 0.4633597731590271
