mse: 0.3437531888484955
mae: 0.3767039179801941
