mse: 0.3443582355976105
mae: 0.3779587745666504
