mse: 0.3454880714416504
mae: 0.3803006112575531
