mse: 0.3461166024208069
mae: 0.37924647331237793
