mse: 0.3460555970668793
mae: 0.37916499376296997
