mse: 0.47581946849823
mae: 0.5097178816795349
