mse: 0.38478970527648926
mae: 0.4292042553424835
