mse: 0.3439432382583618
mae: 0.3770269453525543
