mse: 0.3447023630142212
mae: 0.3777523934841156
