mse: 0.34430748224258423
mae: 0.37742727994918823
