mse: 0.34424400329589844
mae: 0.3782558739185333
