mse: 0.3663625121116638
mae: 0.4101419746875763
