mse: 0.34599044919013977
mae: 0.3790932297706604
