mse: 0.35676664113998413
mae: 0.39573395252227783
