mse: 0.3450886607170105
mae: 0.3781048655509949
