mse: 0.4839339256286621
mae: 0.5113846659660339
