mse: 0.3438663184642792
mae: 0.37681421637535095
