mse: 0.3439405560493469
mae: 0.3768094480037689
