mse: 0.34446951746940613
mae: 0.37779027223587036
