mse: 0.3460664451122284
mae: 0.3791508376598358
