mse: 0.3447764813899994
mae: 0.37850695848464966
