mse: 0.3572268784046173
mae: 0.39618879556655884
