mse: 0.3426157832145691
mae: 0.37502679228782654
