mse: 0.35651659965515137
mae: 0.3950798809528351
