mse: 0.36266380548477173
mae: 0.40298980474472046
