mse: 0.34611573815345764
mae: 0.3792479634284973
