mse: 0.3460879921913147
mae: 0.3792042136192322
