mse: 0.34543222188949585
mae: 0.37887126207351685
