mse: 0.3477630913257599
mae: 0.3836199939250946
