mse: 0.34340420365333557
mae: 0.37690749764442444
