mse: 0.3448311388492584
mae: 0.3790667653083801
