mse: 0.34405434131622314
mae: 0.37704208493232727
