mse: 0.45544806122779846
mae: 0.4909828007221222
