mse: 0.38977620005607605
mae: 0.4360171854496002
