mse: 0.3446800410747528
mae: 0.37828975915908813
