mse: 0.34497836232185364
mae: 0.37917980551719666
