mse: 0.38869449496269226
mae: 0.4336664080619812
