mse: 0.3439740240573883
mae: 0.37754520773887634
