mse: 0.3442639112472534
mae: 0.3771877884864807
