mse: 0.34524622559547424
mae: 0.37842878699302673
