mse: 0.3445838391780853
mae: 0.3778415024280548
