mse: 0.3450027406215668
mae: 0.3801891803741455
