mse: 0.345172643661499
mae: 0.378256231546402
