mse: 0.3475695848464966
mae: 0.3838949203491211
