mse: 0.3450871407985687
mae: 0.3762897253036499
