mse: 0.35027724504470825
mae: 0.3887764513492584
