mse: 0.3435318171977997
mae: 0.3764614462852478
