mse: 0.34522444009780884
mae: 0.379737913608551
