mse: 0.34828680753707886
mae: 0.3858008086681366
