mse: 0.3672223687171936
mae: 0.40862974524497986
