mse: 0.3447132706642151
mae: 0.378667414188385
