mse: 0.34494420886039734
mae: 0.37813374400138855
