mse: 0.38243064284324646
mae: 0.425053209066391
