mse: 0.3444552421569824
mae: 0.37847012281417847
