mse: 0.3436165750026703
mae: 0.3767528235912323
