mse: 0.3439144790172577
mae: 0.37690451741218567
