mse: 0.35992127656936646
mae: 0.40201255679130554
