mse: 0.344758003950119
mae: 0.37833482027053833
