mse: 0.3452353775501251
mae: 0.3786012828350067
