mse: 0.34615060687065125
mae: 0.3792579174041748
