mse: 0.3949526846408844
mae: 0.44043999910354614
