mse: 0.3680797219276428
mae: 0.4092899560928345
