mse: 0.3683870732784271
mae: 0.40976932644844055
