mse: 0.34608152508735657
mae: 0.3791601061820984
