mse: 0.35211849212646484
mae: 0.3894362449645996
