mse: 0.34490057826042175
mae: 0.378255158662796
