mse: 0.3443294167518616
mae: 0.37761861085891724
