mse: 0.3452357351779938
mae: 0.3784273564815521
