mse: 0.3476962447166443
mae: 0.3842930793762207
