mse: 0.3433348834514618
mae: 0.37615954875946045
