mse: 0.34364116191864014
mae: 0.37648433446884155
