mse: 0.34599941968917847
mae: 0.38181376457214355
