mse: 0.3488644063472748
mae: 0.38496893644332886
