mse: 0.36702629923820496
mae: 0.4095638692378998
