mse: 0.4006038010120392
mae: 0.4470672905445099
