mse: 0.3490520715713501
mae: 0.38493165373802185
