mse: 0.34379133582115173
mae: 0.3769831955432892
