mse: 0.47482967376708984
mae: 0.5033469796180725
