mse: 0.37341976165771484
mae: 0.4178043007850647
