mse: 0.34423112869262695
mae: 0.37854185700416565
