mse: 0.34561315178871155
mae: 0.3786637485027313
