mse: 0.34916242957115173
mae: 0.37911856174468994
