mse: 0.34470224380493164
mae: 0.37773919105529785
