mse: 0.3478182852268219
mae: 0.3841456174850464
