mse: 0.34367236495018005
mae: 0.3766765594482422
