mse: 0.32762229442596436
mae: 0.366412878036499
