mse: 0.35297006368637085
mae: 0.3922400176525116
