mse: 0.3786827623844147
mae: 0.42262446880340576
