mse: 0.36011824011802673
mae: 0.4012015461921692
