mse: 0.3447062075138092
mae: 0.3785577416419983
