mse: 0.3714068531990051
mae: 0.4157777726650238
