mse: 0.3602951467037201
mae: 0.40131595730781555
