mse: 0.3675275146961212
mae: 0.40865764021873474
