mse: 0.3489483892917633
mae: 0.3852041959762573
