mse: 0.34381547570228577
mae: 0.37665805220603943
