mse: 0.35269594192504883
mae: 0.3919479548931122
