mse: 0.3456345200538635
mae: 0.37878939509391785
