mse: 0.3445797860622406
mae: 0.37747976183891296
