mse: 0.44088873267173767
mae: 0.4753478467464447
