mse: 0.34425488114356995
mae: 0.3778924345970154
