mse: 0.34585168957710266
mae: 0.37893423438072205
