mse: 0.36787012219429016
mae: 0.4118366837501526
