mse: 0.3473266363143921
mae: 0.38380900025367737
