mse: 0.3500704765319824
mae: 0.3872542977333069
