mse: 0.3536149859428406
mae: 0.39308589696884155
