mse: 0.34473878145217896
mae: 0.3778286576271057
