mse: 0.3437434136867523
mae: 0.37788915634155273
