mse: 0.3442985415458679
mae: 0.37800276279449463
