mse: 0.4270913600921631
mae: 0.4678099751472473
