mse: 0.34396058320999146
mae: 0.37810662388801575
