mse: 0.3563629984855652
mae: 0.39703863859176636
