mse: 0.36546561121940613
mae: 0.40768834948539734
