mse: 0.3571864366531372
mae: 0.39636728167533875
