mse: 0.3785577118396759
mae: 0.4233938753604889
