mse: 0.34364962577819824
mae: 0.37703070044517517
