mse: 0.35723185539245605
mae: 0.3967265188694
