mse: 0.34322696924209595
mae: 0.37601205706596375
