mse: 0.34367045760154724
mae: 0.3769458830356598
