mse: 0.3440207242965698
mae: 0.37698930501937866
