mse: 0.3460237979888916
mae: 0.37909364700317383
