mse: 0.4014490842819214
mae: 0.44384291768074036
