mse: 0.3731094300746918
mae: 0.41514456272125244
