mse: 0.4199129641056061
mae: 0.45949000120162964
