mse: 0.34366074204444885
mae: 0.37647125124931335
