mse: 0.3445146977901459
mae: 0.37815725803375244
