mse: 0.3436022400856018
mae: 0.3764350414276123
