mse: 0.41697829961776733
mae: 0.45607349276542664
