mse: 0.34881046414375305
mae: 0.38497257232666016
