mse: 0.3460005819797516
mae: 0.3790602385997772
