mse: 0.3462836444377899
mae: 0.38222914934158325
