mse: 0.35019105672836304
mae: 0.3873589336872101
