mse: 0.3453923761844635
mae: 0.3786602020263672
