mse: 0.349118709564209
mae: 0.38527294993400574
