mse: 0.34432563185691833
mae: 0.37796545028686523
