mse: 0.35220441222190857
mae: 0.39132729172706604
