mse: 0.34492942690849304
mae: 0.3790258765220642
