mse: 0.3461531698703766
mae: 0.3792598247528076
