mse: 0.3656836450099945
mae: 0.4088860750198364
