mse: 0.3444691300392151
mae: 0.3772469758987427
