mse: 0.3448965847492218
mae: 0.3789808452129364
