mse: 0.3620646297931671
mae: 0.4025647044181824
