mse: 0.34318625926971436
mae: 0.3761112093925476
