mse: 0.34333956241607666
mae: 0.3763900101184845
