mse: 0.34568023681640625
mae: 0.3788112998008728
