mse: 0.3605976998806
mae: 0.40262559056282043
