mse: 0.34463033080101013
mae: 0.37761369347572327
