mse: 0.34196603298187256
mae: 0.3744237720966339
