mse: 0.34509018063545227
mae: 0.37843677401542664
