mse: 0.36121881008148193
mae: 0.4009750485420227
