mse: 0.34363359212875366
mae: 0.37704890966415405
