mse: 0.3629656434059143
mae: 0.40558263659477234
