mse: 0.42040079832077026
mae: 0.4648614525794983
