mse: 0.39412444829940796
mae: 0.43806225061416626
