mse: 0.3446396589279175
mae: 0.37815552949905396
