mse: 0.3450450897216797
mae: 0.37893345952033997
