mse: 0.35716524720191956
mae: 0.39842718839645386
