mse: 0.34596487879753113
mae: 0.37899747490882874
