mse: 0.34793925285339355
mae: 0.3850933611392975
