mse: 0.3465002179145813
mae: 0.3814835548400879
