mse: 0.34315377473831177
mae: 0.3759671747684479
