mse: 0.4422258734703064
mae: 0.4845653772354126
