mse: 0.34899839758872986
mae: 0.3851548433303833
