mse: 0.4766444265842438
mae: 0.5069546103477478
