mse: 0.34467563033103943
mae: 0.3783532381057739
