mse: 0.40561217069625854
mae: 0.44973886013031006
