mse: 0.3460957109928131
mae: 0.379179984331131
