mse: 0.3627350628376007
mae: 0.40339136123657227
