mse: 0.43773213028907776
mae: 0.4776953160762787
