mse: 0.3434756398200989
mae: 0.3771146237850189
