mse: 0.34603673219680786
mae: 0.3791080415248871
