mse: 0.3459849953651428
mae: 0.37901705503463745
