mse: 0.41315707564353943
mae: 0.45540183782577515
