mse: 0.34797608852386475
mae: 0.3845926821231842
