mse: 0.3526528775691986
mae: 0.3902710974216461
