mse: 0.345060795545578
mae: 0.3791291117668152
