mse: 0.38081300258636475
mae: 0.4232284724712372
