mse: 0.34476932883262634
mae: 0.3787725567817688
