mse: 0.3967651128768921
mae: 0.43832093477249146
