mse: 0.3701671361923218
mae: 0.41485291719436646
