mse: 0.3438085615634918
mae: 0.3769610822200775
