mse: 0.3460306227207184
mae: 0.37907442450523376
