mse: 0.3448023200035095
mae: 0.3783661127090454
