mse: 0.34448325634002686
mae: 0.3780796229839325
