mse: 0.3424822688102722
mae: 0.37493523955345154
