mse: 0.3708786964416504
mae: 0.4154339134693146
