mse: 0.4688333570957184
mae: 0.49613049626350403
