mse: 0.34447184205055237
mae: 0.3771851062774658
