mse: 0.34419330954551697
mae: 0.37738168239593506
