mse: 0.3442872166633606
mae: 0.3781592547893524
