mse: 0.29930809140205383
mae: 0.35040467977523804
