mse: 0.37888193130493164
mae: 0.4241289496421814
