mse: 0.349148690700531
mae: 0.385323166847229
