mse: 0.34431058168411255
mae: 0.37808457016944885
