mse: 0.43618178367614746
mae: 0.4745638370513916
