mse: 0.34646037220954895
mae: 0.381884902715683
