mse: 0.3532421290874481
mae: 0.3916010856628418
