mse: 0.3446686267852783
mae: 0.37855276465415955
