mse: 0.344056099653244
mae: 0.37730881571769714
