mse: 0.54115891456604
nan_count: 0
mae: 0.5609644055366516
nan_count: 0
