mse: 0.49045830965042114
nan_count: 0
mae: 0.5413437485694885
nan_count: 0
