mse: 0.25071558356285095
nan_count: 1
mae: 0.3112190067768097
nan_count: 1
