mse: 0.25070297718048096
nan_count: 1
mae: 0.3111814260482788
nan_count: 1
