mse: 1.0281152725219727
nan_count: 0
mae: 0.6181700825691223
nan_count: 0
