mse: 1.0121606588363647
nan_count: 0
mae: 0.6225757598876953
nan_count: 0
