mse: 1.04977548122406
nan_count: 0
mae: 0.6371440291404724
nan_count: 0
