mse: 4.466438293457031
mae: 1.376381754875183
