mse: 0.3950939476490021
mae: 0.41899973154067993
