mse: 0.2104739248752594
nan_count: 15
mae: 0.2765638530254364
nan_count: 15
