mse: 0.21093401312828064
nan_count: 15
mae: 0.2767636477947235
nan_count: 15
