mse: 0.4123789668083191
mae: 0.4265974462032318
