mse: 1.0129002332687378
mae: 0.6754253506660461
