mse: 3.7365972995758057
mae: 1.2190343141555786
