mse: 0.3988296389579773
nan_count: 0
mae: 0.47937849164009094
nan_count: 0
