mse: 0.40167850255966187
nan_count: 0
mae: 0.4800747334957123
nan_count: 0
