mse: 0.6010178923606873
nan_count: 0
mae: 0.6156631708145142
nan_count: 0
