mse: 0.43287307024002075
nan_count: 0
mae: 0.5106391906738281
nan_count: 0
