mse: 0.39570528268814087
nan_count: 0
mae: 0.4776242971420288
nan_count: 0
