mse: 0.3961027264595032
nan_count: 0
mae: 0.47992709279060364
nan_count: 0
