mse: 0.39984893798828125
nan_count: 0
mae: 0.48437821865081787
nan_count: 0
