mse: 0.39559075236320496
nan_count: 0
mae: 0.47775939106941223
nan_count: 0
