mse: 0.40070870518684387
nan_count: 0
mae: 0.4798460304737091
nan_count: 0
