mse: 0.4497469961643219
nan_count: 0
mae: 0.5233486294746399
nan_count: 0
