mse: 0.39721184968948364
nan_count: 0
mae: 0.4801703691482544
nan_count: 0
