mse: 0.3975750505924225
nan_count: 0
mae: 0.47964566946029663
nan_count: 0
