mse: 0.40660321712493896
nan_count: 0
mae: 0.4895736873149872
nan_count: 0
