mse: 0.40354928374290466
nan_count: 0
mae: 0.48079654574394226
nan_count: 0
