mse: 0.40201497077941895
nan_count: 0
mae: 0.47995725274086
nan_count: 0
