mse: 0.3977445960044861
nan_count: 0
mae: 0.4819420874118805
nan_count: 0
