mse: 0.3980691432952881
nan_count: 0
mae: 0.48176249861717224
nan_count: 0
