mse: 0.4018210172653198
nan_count: 0
mae: 0.48013678193092346
nan_count: 0
