mse: 0.3979555666446686
nan_count: 0
mae: 0.479423463344574
nan_count: 0
