mse: 0.397662878036499
nan_count: 0
mae: 0.481950968503952
nan_count: 0
