mse: 0.6016440987586975
nan_count: 0
mae: 0.6172266602516174
nan_count: 0
