mse: 0.4003165662288666
nan_count: 0
mae: 0.4790550470352173
nan_count: 0
