mse: 0.47045329213142395
nan_count: 0
mae: 0.5362411737442017
nan_count: 0
