mse: 0.41184595227241516
nan_count: 0
mae: 0.49407467246055603
nan_count: 0
