mse: 0.39890778064727783
nan_count: 0
mae: 0.47937503457069397
nan_count: 0
