mse: 0.39755576848983765
nan_count: 0
mae: 0.48011213541030884
nan_count: 0
