mse: 0.39707624912261963
nan_count: 0
mae: 0.4813183844089508
nan_count: 0
