mse: 0.4021419286727905
nan_count: 0
mae: 0.48592492938041687
nan_count: 0
