mse: 0.408403605222702
nan_count: 0
mae: 0.4923025071620941
nan_count: 0
