mse: 1.0821691751480103
nan_count: 0
mae: 0.864907443523407
nan_count: 0
