mse: 0.5937872529029846
nan_count: 0
mae: 0.6129758358001709
nan_count: 0
