mse: 0.3976294994354248
nan_count: 0
mae: 0.48019781708717346
nan_count: 0
