mse: 0.6128477454185486
nan_count: 0
mae: 0.6241455674171448
nan_count: 0
