mse: 1.016274094581604
nan_count: 0
mae: 0.8327676057815552
nan_count: 0
