mse: 0.44237998127937317
nan_count: 0
mae: 0.5183092355728149
nan_count: 0
