mse: 1.1333293914794922
nan_count: 0
mae: 0.8751503229141235
nan_count: 0
