mse: 0.3992052972316742
nan_count: 0
mae: 0.483833909034729
nan_count: 0
