mse: 0.4035399258136749
nan_count: 0
mae: 0.48078665137290955
nan_count: 0
