mse: 0.5264659523963928
nan_count: 0
mae: 0.571141242980957
nan_count: 0
