mse: 0.39614126086235046
nan_count: 0
mae: 0.480457603931427
nan_count: 0
