mse: 0.6247662305831909
nan_count: 0
mae: 0.6329439282417297
nan_count: 0
