mse: 0.5724244713783264
nan_count: 0
mae: 0.598831057548523
nan_count: 0
