mse: 0.4260888397693634
nan_count: 0
mae: 0.5048904418945312
nan_count: 0
