mse: 0.4865935742855072
nan_count: 0
mae: 0.5466790199279785
nan_count: 0
