mse: 0.39838430285453796
nan_count: 0
mae: 0.48288050293922424
nan_count: 0
