mse: 0.43230849504470825
nan_count: 0
mae: 0.5091877579689026
nan_count: 0
