mse: 1.0479676723480225
nan_count: 0
mae: 0.8450652360916138
nan_count: 0
