mse: 0.3973626494407654
nan_count: 0
mae: 0.47969892621040344
nan_count: 0
