mse: 0.3993808329105377
nan_count: 0
mae: 0.4844634532928467
nan_count: 0
