mse: 0.40173253417015076
nan_count: 0
mae: 0.4801184833049774
nan_count: 0
