mse: 0.579304039478302
nan_count: 0
mae: 0.6060207486152649
nan_count: 0
