mse: 0.3981405198574066
nan_count: 0
mae: 0.4794873893260956
nan_count: 0
