mse: 0.5215415358543396
nan_count: 0
mae: 0.5680291652679443
nan_count: 0
