mse: 0.3985554277896881
nan_count: 0
mae: 0.47949352860450745
nan_count: 0
