mse: 1.1076353788375854
nan_count: 0
mae: 0.8642414212226868
nan_count: 0
