mse: 0.3998430371284485
nan_count: 0
mae: 0.4849773049354553
nan_count: 0
