mse: 0.7753909230232239
nan_count: 0
mae: 0.7128155827522278
nan_count: 0
