mse: 0.39906489849090576
nan_count: 0
mae: 0.4794096350669861
nan_count: 0
