mse: 0.3974263072013855
nan_count: 0
mae: 0.4825616478919983
nan_count: 0
