mse: 0.5719663500785828
nan_count: 0
mae: 0.6027795672416687
nan_count: 0
