mse: 0.4018115699291229
nan_count: 0
mae: 0.4801262319087982
nan_count: 0
