mse: 0.6087822318077087
nan_count: 0
mae: 0.6241530776023865
nan_count: 0
