mse: 0.3977603614330292
nan_count: 0
mae: 0.4821297824382782
nan_count: 0
