mse: 0.4649500548839569
nan_count: 0
mae: 0.5363319516181946
nan_count: 0
