mse: 0.7701448798179626
nan_count: 0
mae: 0.7089471817016602
nan_count: 0
