mse: 1.1308609247207642
nan_count: 0
mae: 0.8738604784011841
nan_count: 0
