mse: 0.40015584230422974
nan_count: 0
mae: 0.47963541746139526
nan_count: 0
