mse: 1.1198930740356445
nan_count: 0
mae: 0.8855642080307007
nan_count: 0
