mse: 0.39558640122413635
nan_count: 0
mae: 0.4777117371559143
nan_count: 0
