mse: 0.3992050290107727
nan_count: 0
mae: 0.47946611046791077
nan_count: 0
