mse: 0.3972850739955902
nan_count: 0
mae: 0.4810650944709778
nan_count: 0
