mse: 0.402028352022171
nan_count: 0
mae: 0.47997230291366577
nan_count: 0
