mse: 0.44977518916130066
nan_count: 0
mae: 0.5237501859664917
nan_count: 0
