mse: 0.40006887912750244
nan_count: 0
mae: 0.47959697246551514
nan_count: 0
