mse: 0.3944398760795593
nan_count: 0
mae: 0.47917598485946655
nan_count: 0
