mse: 1.1078039407730103
nan_count: 0
mae: 0.8756508827209473
nan_count: 0
