mse: 0.396645188331604
nan_count: 0
mae: 0.4808586835861206
nan_count: 0
