mse: 0.49846601486206055
nan_count: 0
mae: 0.5578450560569763
nan_count: 0
