mse: 0.39787206053733826
nan_count: 0
mae: 0.4816085994243622
nan_count: 0
