mse: 0.40365365147590637
nan_count: 0
mae: 0.489065021276474
nan_count: 0
