mse: 0.4185398519039154
nan_count: 0
mae: 0.5016381144523621
nan_count: 0
