mse: 0.40198037028312683
nan_count: 0
mae: 0.47993233799934387
nan_count: 0
