mse: 0.39617204666137695
nan_count: 0
mae: 0.47975343465805054
nan_count: 0
