mse: 0.884128212928772
nan_count: 0
mae: 0.7633535265922546
nan_count: 0
