mse: 0.3972353935241699
nan_count: 0
mae: 0.4809540808200836
nan_count: 0
