mse: 0.3974388539791107
nan_count: 0
mae: 0.47964876890182495
nan_count: 0
