mse: 0.39563819766044617
nan_count: 0
mae: 0.4778028726577759
nan_count: 0
