mse: 0.4002210199832916
nan_count: 0
mae: 0.47962749004364014
nan_count: 0
