mse: 1.1510615348815918
nan_count: 0
mae: 0.8919949531555176
nan_count: 0
