mse: 0.9632493257522583
nan_count: 0
mae: 0.800872802734375
nan_count: 0
