mse: 0.9243226647377014
nan_count: 0
mae: 0.7838306427001953
nan_count: 0
