mse: 0.403548002243042
nan_count: 0
mae: 0.48078787326812744
nan_count: 0
