mse: 1.2670629024505615
nan_count: 0
mae: 0.9370409250259399
nan_count: 0
