mse: 0.5377386808395386
nan_count: 0
mae: 0.5799151659011841
nan_count: 0
