mse: 0.3958323895931244
nan_count: 0
mae: 0.477595716714859
nan_count: 0
