mse: 0.5315003991127014
nan_count: 0
mae: 0.5774958729743958
nan_count: 0
