mse: 0.7864320278167725
nan_count: 0
mae: 0.7176589965820312
nan_count: 0
