mse: 0.40175193548202515
nan_count: 0
mae: 0.4801015257835388
nan_count: 0
