mse: 0.397123247385025
nan_count: 0
mae: 0.48158013820648193
nan_count: 0
