mse: 0.44573870301246643
nan_count: 0
mae: 0.5203363299369812
nan_count: 0
