mse: 0.6511602401733398
nan_count: 0
mae: 0.6468443870544434
nan_count: 0
