mse: 1.0706117153167725
nan_count: 0
mae: 0.8527346849441528
nan_count: 0
