mse: 0.39792612195014954
nan_count: 0
mae: 0.479408860206604
nan_count: 0
