mse: 0.3971363604068756
nan_count: 0
mae: 0.4801289439201355
nan_count: 0
