mse: 0.6368974447250366
nan_count: 0
mae: 0.6390830874443054
nan_count: 0
