mse: 0.40196138620376587
nan_count: 0
mae: 0.47996631264686584
nan_count: 0
