mse: 0.6577555537223816
nan_count: 0
mae: 0.6574859619140625
nan_count: 0
