mse: 1.235877513885498
nan_count: 0
mae: 0.9232745170593262
nan_count: 0
