mse: 0.5256348848342896
nan_count: 0
mae: 0.569602906703949
nan_count: 0
