mse: 0.5959388017654419
nan_count: 0
mae: 0.6152946352958679
nan_count: 0
