mse: 0.9528990387916565
nan_count: 0
mae: 0.7962850332260132
nan_count: 0
