mse: 1.2039963006973267
nan_count: 0
mae: 0.9109942317008972
nan_count: 0
