mse: 0.4035473167896271
nan_count: 0
mae: 0.4807920455932617
nan_count: 0
