mse: 0.6068658232688904
nan_count: 0
mae: 0.6220425367355347
nan_count: 0
