mse: 0.3978952169418335
nan_count: 0
mae: 0.4816629886627197
nan_count: 0
