mse: 1.198492169380188
nan_count: 0
mae: 0.9189687371253967
nan_count: 0
