mse: 0.3964223265647888
nan_count: 0
mae: 0.4807560443878174
nan_count: 0
