mse: 0.5876067280769348
nan_count: 0
mae: 0.6092550158500671
nan_count: 0
