mse: 0.3989833891391754
nan_count: 0
mae: 0.47945085167884827
nan_count: 0
