mse: 0.40207865834236145
nan_count: 0
mae: 0.4800512492656708
nan_count: 0
