mse: 0.3962427079677582
nan_count: 0
mae: 0.48065024614334106
nan_count: 0
