mse: 0.40164023637771606
nan_count: 0
mae: 0.4800679683685303
nan_count: 0
