mse: 0.4021058976650238
nan_count: 0
mae: 0.4802801311016083
nan_count: 0
