mse: 0.39552727341651917
nan_count: 0
mae: 0.4777909517288208
nan_count: 0
