mse: 1.0685886144638062
nan_count: 0
mae: 0.8609142899513245
nan_count: 0
