mse: 0.4003055691719055
nan_count: 0
mae: 0.47963574528694153
nan_count: 0
