mse: 0.40356504917144775
nan_count: 0
mae: 0.4808017611503601
nan_count: 0
