mse: 0.41139382123947144
nan_count: 0
mae: 0.49320533871650696
nan_count: 0
