mse: 0.396542489528656
nan_count: 0
mae: 0.48011514544487
nan_count: 0
