mse: 0.40439361333847046
nan_count: 0
mae: 0.49022671580314636
nan_count: 0
