mse: 0.40032508969306946
nan_count: 0
mae: 0.47965842485427856
nan_count: 0
