mse: 1.1104317903518677
nan_count: 0
mae: 0.8780216574668884
nan_count: 0
