mse: 0.6181142330169678
nan_count: 0
mae: 0.6260217428207397
nan_count: 0
