mse: 0.3958466351032257
nan_count: 0
mae: 0.48022380471229553
nan_count: 0
