mse: 0.4328809082508087
nan_count: 0
mae: 0.5098368525505066
nan_count: 0
