mse: 0.400352418422699
nan_count: 0
mae: 0.4790886640548706
nan_count: 0
