mse: 0.3973889946937561
nan_count: 0
mae: 0.4801361858844757
nan_count: 0
