mse: 0.39664319157600403
nan_count: 0
mae: 0.4802134335041046
nan_count: 0
