mse: 0.40245187282562256
nan_count: 0
mae: 0.48687639832496643
nan_count: 0
