mse: 0.40478405356407166
nan_count: 0
mae: 0.48987478017807007
nan_count: 0
