mse: 1.1983784437179565
nan_count: 0
mae: 0.9178967475891113
nan_count: 0
