mse: 0.3972763121128082
nan_count: 0
mae: 0.4809621572494507
nan_count: 0
