mse: 0.3971950113773346
nan_count: 0
mae: 0.48028698563575745
nan_count: 0
