mse: 0.39961153268814087
nan_count: 0
mae: 0.48420923948287964
nan_count: 0
