mse: 0.39925074577331543
nan_count: 0
mae: 0.47949573397636414
nan_count: 0
