mse: 0.40171992778778076
nan_count: 0
mae: 0.4854883551597595
nan_count: 0
