mse: 0.4061026871204376
nan_count: 0
mae: 0.49043911695480347
nan_count: 0
