mse: 0.39741086959838867
nan_count: 0
mae: 0.48085612058639526
nan_count: 0
