mse: 1.2484008073806763
nan_count: 0
mae: 0.9316332340240479
nan_count: 0
