mse: 0.8722378015518188
nan_count: 0
mae: 0.7577457427978516
nan_count: 0
