mse: 0.4215748608112335
nan_count: 0
mae: 0.5034467577934265
nan_count: 0
