mse: 0.4019470810890198
nan_count: 0
mae: 0.479977548122406
nan_count: 0
