mse: 0.3968923091888428
nan_count: 0
mae: 0.4808439612388611
nan_count: 0
