mse: 0.40027549862861633
nan_count: 0
mae: 0.47918885946273804
nan_count: 0
