mse: 0.5871030688285828
nan_count: 0
mae: 0.608985424041748
nan_count: 0
