mse: 0.39554640650749207
nan_count: 0
mae: 0.47774598002433777
nan_count: 0
