mse: 0.3983086049556732
nan_count: 0
mae: 0.47942453622817993
nan_count: 0
