mse: 0.40178871154785156
nan_count: 0
mae: 0.48011109232902527
nan_count: 0
