mse: 0.47687971591949463
nan_count: 0
mae: 0.540894091129303
nan_count: 0
