mse: 0.3957294523715973
nan_count: 0
mae: 0.47752413153648376
nan_count: 0
