mse: 0.7613356709480286
nan_count: 0
mae: 0.705439567565918
nan_count: 0
