mse: 0.5491423606872559
nan_count: 0
mae: 0.5862913131713867
nan_count: 0
