mse: 0.4011688232421875
nan_count: 0
mae: 0.48508596420288086
nan_count: 0
