mse: 0.39727583527565
nan_count: 0
mae: 0.4798203110694885
nan_count: 0
