mse: 0.4114397466182709
nan_count: 0
mae: 0.4937036335468292
nan_count: 0
