mse: 0.4003475606441498
nan_count: 0
mae: 0.479666143655777
nan_count: 0
