mse: 0.40018895268440247
nan_count: 0
mae: 0.4796503782272339
nan_count: 0
