mse: 0.39886054396629333
nan_count: 0
mae: 0.4793947637081146
nan_count: 0
