mse: 0.6970590353012085
nan_count: 0
mae: 0.6688990592956543
nan_count: 0
