mse: 0.40036341547966003
nan_count: 0
mae: 0.47967424988746643
nan_count: 0
