mse: 0.5470954775810242
nan_count: 0
mae: 0.5854048132896423
nan_count: 0
