mse: 0.493102490901947
nan_count: 0
mae: 0.552506148815155
nan_count: 0
