mse: 0.400299072265625
nan_count: 0
mae: 0.47916024923324585
nan_count: 0
