mse: 0.3959903419017792
nan_count: 0
mae: 0.4796641767024994
nan_count: 0
