mse: 0.40030768513679504
nan_count: 0
mae: 0.4797234833240509
nan_count: 0
