mse: 0.539373517036438
nan_count: 0
mae: 0.5803563594818115
nan_count: 0
