mse: 1.0602316856384277
nan_count: 0
mae: 0.8430993556976318
nan_count: 0
