mse: 0.40354305505752563
nan_count: 0
mae: 0.48078545928001404
nan_count: 0
