mse: 0.40042492747306824
nan_count: 0
mae: 0.4791572093963623
nan_count: 0
