mse: 0.39973941445350647
nan_count: 0
mae: 0.48496606945991516
nan_count: 0
