mse: 0.5299493074417114
nan_count: 0
mae: 0.5801218748092651
nan_count: 0
