mse: 0.5884963870048523
nan_count: 0
mae: 0.60847407579422
nan_count: 0
