mse: 0.4035550355911255
nan_count: 0
mae: 0.4807926416397095
nan_count: 0
