mse: 0.4424074590206146
nan_count: 0
mae: 0.5207245349884033
nan_count: 0
