mse: 1.016724705696106
nan_count: 0
mae: 0.8214494585990906
nan_count: 0
