mse: 0.3973093628883362
nan_count: 0
mae: 0.48093050718307495
nan_count: 0
