mse: 0.5032981634140015
nan_count: 0
mae: 0.5587343573570251
nan_count: 0
