mse: 0.398876428604126
nan_count: 0
mae: 0.4793754518032074
nan_count: 0
