mse: 0.5228779911994934
nan_count: 0
mae: 0.5678447484970093
nan_count: 0
