mse: 0.40403294563293457
nan_count: 0
mae: 0.4884895384311676
nan_count: 0
