mse: 0.533169150352478
nan_count: 0
mae: 0.5775353908538818
nan_count: 0
