mse: 0.39724287390708923
nan_count: 0
mae: 0.47955992817878723
nan_count: 0
