mse: 0.4956013262271881
nan_count: 0
mae: 0.5565313100814819
nan_count: 0
