mse: 0.39532116055488586
nan_count: 0
mae: 0.4815746247768402
nan_count: 0
