mse: 0.4003123342990875
nan_count: 0
mae: 0.4792112410068512
nan_count: 0
