mse: 0.5862829685211182
nan_count: 0
mae: 0.6072944402694702
nan_count: 0
