mse: 0.3961312770843506
nan_count: 0
mae: 0.48034340143203735
nan_count: 0
