mse: 0.4025108218193054
nan_count: 0
mae: 0.4868007302284241
nan_count: 0
