mse: 0.39580777287483215
nan_count: 0
mae: 0.47754165530204773
nan_count: 0
