mse: 0.3978615999221802
nan_count: 0
mae: 0.4797290861606598
nan_count: 0
