mse: 0.3981403708457947
nan_count: 0
mae: 0.47940224409103394
nan_count: 0
