mse: 0.43106919527053833
nan_count: 0
mae: 0.5091277956962585
nan_count: 0
