mse: 0.3959658443927765
nan_count: 0
mae: 0.47968029975891113
nan_count: 0
