mse: 0.6638791561126709
nan_count: 0
mae: 0.6522802114486694
nan_count: 0
