mse: 0.7922691702842712
nan_count: 0
mae: 0.7195612192153931
nan_count: 0
