mse: 0.4020814001560211
nan_count: 0
mae: 0.48005497455596924
nan_count: 0
