mse: 0.8289675116539001
nan_count: 0
mae: 0.736894965171814
nan_count: 0
