mse: 0.3981896936893463
nan_count: 0
mae: 0.47941285371780396
nan_count: 0
