mse: 0.6185191869735718
nan_count: 0
mae: 0.6274229884147644
nan_count: 0
