mse: 0.44928428530693054
nan_count: 0
mae: 0.5228826403617859
nan_count: 0
