mse: 1.1901113986968994
nan_count: 0
mae: 0.9047248959541321
nan_count: 0
