mse: 0.3995441794395447
nan_count: 0
mae: 0.48473161458969116
nan_count: 0
