mse: 0.3998273015022278
nan_count: 0
mae: 0.48477864265441895
nan_count: 0
