mse: 0.42095279693603516
nan_count: 0
mae: 0.5029731392860413
nan_count: 0
