mse: 0.6834926605224609
nan_count: 0
mae: 0.6628697514533997
nan_count: 0
