mse: 0.8330078721046448
nan_count: 0
mae: 0.7384645342826843
nan_count: 0
