mse: 0.3980088233947754
nan_count: 0
mae: 0.47938770055770874
nan_count: 0
