mse: 0.8998008966445923
nan_count: 0
mae: 0.7742761373519897
nan_count: 0
