mse: 0.5814546346664429
nan_count: 0
mae: 0.6066046357154846
nan_count: 0
