mse: 0.5369631052017212
nan_count: 0
mae: 0.5785192251205444
nan_count: 0
