mse: 1.021537184715271
nan_count: 0
mae: 0.8221251368522644
nan_count: 0
