mse: 0.5876266360282898
nan_count: 0
mae: 0.6094595789909363
nan_count: 0
