mse: 0.4167880713939667
nan_count: 0
mae: 0.5008578300476074
nan_count: 0
