mse: 0.412416011095047
nan_count: 0
mae: 0.4945487976074219
nan_count: 0
