mse: 0.39787548780441284
nan_count: 0
mae: 0.4818165600299835
nan_count: 0
