mse: 0.4003351628780365
nan_count: 0
mae: 0.47912076115608215
nan_count: 0
