mse: 0.3973308205604553
nan_count: 0
mae: 0.48013103008270264
nan_count: 0
