mse: 0.5374804735183716
nan_count: 0
mae: 0.5802327394485474
nan_count: 0
