mse: 0.3976438045501709
nan_count: 0
mae: 0.47954851388931274
nan_count: 0
