mse: 0.47470730543136597
nan_count: 0
mae: 0.5412285923957825
nan_count: 0
