mse: 0.40414732694625854
nan_count: 0
mae: 0.48961108922958374
nan_count: 0
