mse: 0.47575923800468445
nan_count: 0
mae: 0.5421214699745178
nan_count: 0
