mse: 0.40353700518608093
nan_count: 0
mae: 0.4807818531990051
nan_count: 0
