mse: 0.3975583612918854
nan_count: 0
mae: 0.48014968633651733
nan_count: 0
