mse: 1.2110947370529175
nan_count: 0
mae: 0.9135023355484009
nan_count: 0
