mse: 0.6262470483779907
nan_count: 0
mae: 0.6347665190696716
nan_count: 0
