mse: 1.048132300376892
nan_count: 0
mae: 0.8417777419090271
nan_count: 0
