mse: 0.3959891200065613
nan_count: 0
mae: 0.47975069284439087
nan_count: 0
