mse: 0.39584100246429443
nan_count: 0
mae: 0.47763383388519287
nan_count: 0
