mse: 0.39600834250450134
nan_count: 0
mae: 0.477760910987854
nan_count: 0
