mse: 0.400102436542511
nan_count: 0
mae: 0.4796157479286194
nan_count: 0
