mse: 0.3975020945072174
nan_count: 0
mae: 0.4807029068470001
nan_count: 0
