mse: 0.4002522826194763
nan_count: 0
mae: 0.4796372950077057
nan_count: 0
