mse: 0.5570133924484253
nan_count: 0
mae: 0.5901534557342529
nan_count: 0
