mse: 0.39610135555267334
nan_count: 0
mae: 0.47977548837661743
nan_count: 0
