mse: 0.823852002620697
nan_count: 0
mae: 0.7338191270828247
nan_count: 0
