mse: 0.5257610082626343
nan_count: 0
mae: 0.5706222653388977
nan_count: 0
