mse: 0.3974851965904236
nan_count: 0
mae: 0.4797227382659912
nan_count: 0
