mse: 0.4017978310585022
nan_count: 0
mae: 0.48011380434036255
nan_count: 0
