mse: 0.4384376108646393
nan_count: 0
mae: 0.5150377750396729
nan_count: 0
