mse: 0.39688849449157715
nan_count: 0
mae: 0.47999972105026245
nan_count: 0
