mse: 0.6914939880371094
nan_count: 0
mae: 0.6668766140937805
nan_count: 0
