mse: 0.4102027118206024
nan_count: 0
mae: 0.49287673830986023
nan_count: 0
