mse: 0.3995243012905121
nan_count: 0
mae: 0.4795829951763153
nan_count: 0
