mse: 0.3986349105834961
nan_count: 0
mae: 0.4840923249721527
nan_count: 0
