mse: 0.5204857587814331
nan_count: 0
mae: 0.5675780177116394
nan_count: 0
