mse: 0.5210056900978088
nan_count: 0
mae: 0.5667088031768799
nan_count: 0
