mse: 1.1907919645309448
nan_count: 0
mae: 0.90546053647995
nan_count: 0
