mse: 0.5295029282569885
nan_count: 0
mae: 0.5717963576316833
nan_count: 0
