mse: 0.39843037724494934
nan_count: 0
mae: 0.482625275850296
nan_count: 0
