mse: 0.4019148647785187
nan_count: 0
mae: 0.4860334098339081
nan_count: 0
