mse: 0.44215884804725647
nan_count: 0
mae: 0.518644392490387
nan_count: 0
