mse: 0.3975328803062439
nan_count: 0
mae: 0.48077327013015747
nan_count: 0
