mse: 0.39902353286743164
nan_count: 0
mae: 0.47939860820770264
nan_count: 0
