mse: 0.4021960198879242
nan_count: 0
mae: 0.4859526753425598
nan_count: 0
