mse: 0.3995426297187805
nan_count: 0
mae: 0.4840725064277649
nan_count: 0
