mse: 0.3988797664642334
nan_count: 0
mae: 0.47938141226768494
nan_count: 0
