mse: 0.5389298796653748
nan_count: 0
mae: 0.5791513323783875
nan_count: 0
