mse: 0.4165169894695282
nan_count: 0
mae: 0.49922630190849304
nan_count: 0
