mse: 0.39941710233688354
nan_count: 0
mae: 0.48428693413734436
nan_count: 0
