mse: 0.44272297620773315
nan_count: 0
mae: 0.5191143751144409
nan_count: 0
