mse: 0.3988564610481262
nan_count: 0
mae: 0.48414942622184753
nan_count: 0
