mse: 0.5345654487609863
nan_count: 0
mae: 0.5823631286621094
nan_count: 0
