mse: 0.9420912265777588
nan_count: 0
mae: 0.7911695241928101
nan_count: 0
