mse: 0.523701548576355
nan_count: 0
mae: 0.5695527791976929
nan_count: 0
