mse: 0.8414338231086731
nan_count: 0
mae: 0.7423151135444641
nan_count: 0
