mse: 0.39844533801078796
nan_count: 0
mae: 0.4828725755214691
nan_count: 0
