mse: 0.4978535771369934
nan_count: 0
mae: 0.5583979487419128
nan_count: 0
