mse: 0.39947277307510376
nan_count: 0
mae: 0.48427000641822815
nan_count: 0
