mse: 0.7326852679252625
nan_count: 0
mae: 0.6912681460380554
nan_count: 0
