mse: 0.39917752146720886
nan_count: 0
mae: 0.47944605350494385
nan_count: 0
