mse: 0.5687334537506104
nan_count: 0
mae: 0.5982610583305359
nan_count: 0
