mse: 0.5552455186843872
nan_count: 0
mae: 0.5890320539474487
nan_count: 0
