mse: 0.5279341340065002
nan_count: 0
mae: 0.5709481835365295
nan_count: 0
