mse: 0.3927656412124634
nan_count: 0
mae: 0.47915923595428467
nan_count: 0
