mse: 0.3983803987503052
nan_count: 0
mae: 0.48317286372184753
nan_count: 0
