mse: 0.39835989475250244
nan_count: 0
mae: 0.4794444143772125
nan_count: 0
