mse: 0.3974914848804474
nan_count: 0
mae: 0.4796985685825348
nan_count: 0
