mse: 0.4008464515209198
nan_count: 0
mae: 0.4864840507507324
nan_count: 0
