mse: 0.4232451021671295
nan_count: 0
mae: 0.5047132968902588
nan_count: 0
