mse: 0.4239053428173065
nan_count: 0
mae: 0.5035068988800049
nan_count: 0
