mse: 0.4003292918205261
nan_count: 0
mae: 0.4796556830406189
nan_count: 0
