mse: 0.6364526748657227
nan_count: 0
mae: 0.6377029418945312
nan_count: 0
