mse: 0.3925705850124359
nan_count: 0
mae: 0.47746145725250244
nan_count: 0
