mse: 0.39786359667778015
nan_count: 0
mae: 0.4827725887298584
nan_count: 0
