mse: 0.3997681736946106
nan_count: 0
mae: 0.48500367999076843
nan_count: 0
