mse: 0.5449660420417786
nan_count: 0
mae: 0.5852189660072327
nan_count: 0
