mse: 0.40040650963783264
nan_count: 0
mae: 0.47913724184036255
nan_count: 0
