mse: 0.4019721746444702
nan_count: 0
mae: 0.4799227714538574
nan_count: 0
