mse: 0.39780619740486145
nan_count: 0
mae: 0.4796638786792755
nan_count: 0
