mse: 0.5296897888183594
nan_count: 0
mae: 0.5730752944946289
nan_count: 0
