mse: 0.5936644077301025
nan_count: 0
mae: 0.6116620302200317
nan_count: 0
