mse: 0.39738795161247253
nan_count: 0
mae: 0.4797064960002899
nan_count: 0
