mse: 0.857333242893219
nan_count: 0
mae: 0.7493774890899658
nan_count: 0
