mse: 0.4732823967933655
nan_count: 0
mae: 0.537947416305542
nan_count: 0
