mse: 0.39404332637786865
nan_count: 0
mae: 0.4788183867931366
nan_count: 0
