mse: 1.1423934698104858
nan_count: 0
mae: 0.8839741349220276
nan_count: 0
