mse: 0.7029240131378174
nan_count: 0
mae: 0.6717155575752258
nan_count: 0
