mse: 0.39721807837486267
nan_count: 0
mae: 0.4802246689796448
nan_count: 0
