mse: 0.39530041813850403
nan_count: 0
mae: 0.4799317419528961
nan_count: 0
