mse: 0.3939322233200073
nan_count: 0
mae: 0.4783593416213989
nan_count: 0
