mse: 0.49491605162620544
nan_count: 0
mae: 0.5570113062858582
nan_count: 0
