mse: 0.4453454613685608
nan_count: 0
mae: 0.5207149386405945
nan_count: 0
