mse: 0.4023323059082031
nan_count: 0
mae: 0.4801594614982605
nan_count: 0
