mse: 0.40517187118530273
nan_count: 0
mae: 0.48929062485694885
nan_count: 0
