mse: 0.533024251461029
nan_count: 0
mae: 0.5777075886726379
nan_count: 0
