mse: 0.6897870898246765
nan_count: 0
mae: 0.6662434339523315
nan_count: 0
