mse: 0.3976300060749054
nan_count: 0
mae: 0.47965478897094727
nan_count: 0
