mse: 0.4132092297077179
nan_count: 0
mae: 0.49585437774658203
nan_count: 0
