mse: 0.4473230838775635
nan_count: 0
mae: 0.5233074426651001
nan_count: 0
