mse: 0.3959207534790039
nan_count: 0
mae: 0.4776998460292816
nan_count: 0
