mse: 0.3958704471588135
nan_count: 0
mae: 0.4796258807182312
nan_count: 0
