mse: 0.4054657220840454
nan_count: 0
mae: 0.4907284080982208
nan_count: 0
