mse: 0.40047770738601685
nan_count: 0
mae: 0.47930818796157837
nan_count: 0
