mse: 0.44411274790763855
nan_count: 0
mae: 0.5212436318397522
nan_count: 0
