mse: 0.41165292263031006
nan_count: 0
mae: 0.49399441480636597
nan_count: 0
