mse: 0.3969707190990448
nan_count: 0
mae: 0.48024728894233704
nan_count: 0
