mse: 0.40151122212409973
nan_count: 0
mae: 0.4859826862812042
nan_count: 0
