mse: 0.39780503511428833
nan_count: 0
mae: 0.47957175970077515
nan_count: 0
