mse: 0.39716458320617676
nan_count: 0
mae: 0.4802708923816681
nan_count: 0
