mse: 0.4035514295101166
nan_count: 0
mae: 0.48078662157058716
nan_count: 0
