mse: 0.4062615931034088
nan_count: 0
mae: 0.4902307391166687
nan_count: 0
