mse: 0.5308946371078491
nan_count: 0
mae: 0.5736171007156372
nan_count: 0
