mse: 0.6206669211387634
nan_count: 0
mae: 0.6319847702980042
nan_count: 0
