mse: 0.44020870327949524
nan_count: 0
mae: 0.5154178738594055
nan_count: 0
