mse: 1.033809781074524
nan_count: 0
mae: 0.8281130194664001
nan_count: 0
