mse: 0.39831286668777466
nan_count: 0
mae: 0.47940829396247864
nan_count: 0
