mse: 0.4016968011856079
nan_count: 0
mae: 0.48009365797042847
nan_count: 0
