mse: 0.3959033191204071
nan_count: 0
mae: 0.4798499643802643
nan_count: 0
