mse: 0.4036118686199188
nan_count: 0
mae: 0.4808288812637329
nan_count: 0
