mse: 1.239816427230835
nan_count: 0
mae: 0.9320855736732483
nan_count: 0
