mse: 0.5916932821273804
nan_count: 0
mae: 0.6103975176811218
nan_count: 0
