mse: 0.40680310130119324
nan_count: 0
mae: 0.4915628135204315
nan_count: 0
