mse: 0.9011344313621521
nan_count: 0
mae: 0.7736165523529053
nan_count: 0
