mse: 1.0673922300338745
nan_count: 0
mae: 0.8492828011512756
nan_count: 0
