mse: 0.5468120574951172
nan_count: 0
mae: 0.5859183669090271
nan_count: 0
