mse: 0.40354588627815247
nan_count: 0
mae: 0.48079076409339905
nan_count: 0
