mse: 0.5958874225616455
nan_count: 0
mae: 0.6128024458885193
nan_count: 0
