mse: 0.5965887308120728
nan_count: 0
mae: 0.6144053339958191
nan_count: 0
