mse: 0.4003007411956787
nan_count: 0
mae: 0.47903963923454285
nan_count: 0
