mse: 0.9263398051261902
nan_count: 0
mae: 0.785437822341919
nan_count: 0
