mse: 0.3961579203605652
nan_count: 0
mae: 0.48014894127845764
nan_count: 0
