mse: 1.107029676437378
nan_count: 0
mae: 0.8764005899429321
nan_count: 0
