mse: 0.3977833688259125
nan_count: 0
mae: 0.4796902537345886
nan_count: 0
