mse: 0.48731982707977295
nan_count: 0
mae: 0.5482993125915527
nan_count: 0
