mse: 0.4019816815853119
nan_count: 0
mae: 0.4799504280090332
nan_count: 0
