mse: 0.46774521470069885
nan_count: 0
mae: 0.5342807769775391
nan_count: 0
