mse: 1.1276166439056396
nan_count: 0
mae: 0.8749602437019348
nan_count: 0
