mse: 0.5686262845993042
nan_count: 0
mae: 0.6034382581710815
nan_count: 0
