mse: 0.405293732881546
nan_count: 0
mae: 0.4903016686439514
nan_count: 0
