mse: 0.5225415229797363
nan_count: 0
mae: 0.5675143003463745
nan_count: 0
