mse: 0.39879775047302246
nan_count: 0
mae: 0.48297688364982605
nan_count: 0
