mse: 0.3970780372619629
nan_count: 0
mae: 0.4807850122451782
nan_count: 0
