mse: 0.3973195254802704
nan_count: 0
mae: 0.48166966438293457
nan_count: 0
