mse: 0.44643229246139526
nan_count: 0
mae: 0.5217189192771912
nan_count: 0
