mse: 0.4402804970741272
nan_count: 0
mae: 0.5144566297531128
nan_count: 0
