mse: 0.396847665309906
nan_count: 0
mae: 0.4806695878505707
nan_count: 0
