mse: 0.3993855118751526
nan_count: 0
mae: 0.4839487373828888
nan_count: 0
