mse: 0.4018193781375885
nan_count: 0
mae: 0.4801686704158783
nan_count: 0
