mse: 0.399431437253952
nan_count: 0
mae: 0.4846303164958954
nan_count: 0
