mse: 0.4372275173664093
nan_count: 0
mae: 0.5131732225418091
nan_count: 0
