mse: 0.3979073762893677
nan_count: 0
mae: 0.48169073462486267
nan_count: 0
