mse: 0.39638859033584595
nan_count: 0
mae: 0.4804892838001251
nan_count: 0
