mse: 0.4240417778491974
nan_count: 0
mae: 0.5051037669181824
nan_count: 0
