mse: 0.6273554563522339
nan_count: 0
mae: 0.6334090232849121
nan_count: 0
