mse: 0.5698934197425842
nan_count: 0
mae: 0.6052901744842529
nan_count: 0
