mse: 0.4135931432247162
nan_count: 0
mae: 0.49479997158050537
nan_count: 0
