mse: 0.44189882278442383
nan_count: 0
mae: 0.5171769857406616
nan_count: 0
