mse: 0.3964877426624298
nan_count: 0
mae: 0.4799899458885193
nan_count: 0
