mse: 0.39841428399086
nan_count: 0
mae: 0.47951003909111023
nan_count: 0
