mse: 0.3962025046348572
nan_count: 0
mae: 0.48061639070510864
nan_count: 0
