mse: 0.40216925740242004
nan_count: 0
mae: 0.4801175892353058
nan_count: 0
