mse: 0.3977181017398834
nan_count: 0
mae: 0.4827200770378113
nan_count: 0
