mse: 0.4036062955856323
nan_count: 0
mae: 0.4808269143104553
nan_count: 0
