mse: 0.4473447799682617
nan_count: 0
mae: 0.5212859511375427
nan_count: 0
