mse: 1.133181095123291
nan_count: 0
mae: 0.8761634826660156
nan_count: 0
