mse: 0.39571571350097656
nan_count: 0
mae: 0.47768548130989075
nan_count: 0
