mse: 0.41220009326934814
nan_count: 0
mae: 0.49371397495269775
nan_count: 0
