mse: 0.39832645654678345
nan_count: 0
mae: 0.4794516861438751
nan_count: 0
