mse: 0.3959124684333801
nan_count: 0
mae: 0.4776611328125
nan_count: 0
