mse: 0.40167152881622314
nan_count: 0
mae: 0.48008614778518677
nan_count: 0
