mse: 1.13270103931427
nan_count: 0
mae: 0.876065731048584
nan_count: 0
