mse: 0.39747294783592224
nan_count: 0
mae: 0.48008668422698975
nan_count: 0
