mse: 1.084120750427246
nan_count: 0
mae: 0.8563247919082642
nan_count: 0
