mse: 0.3977063000202179
nan_count: 0
mae: 0.48089587688446045
nan_count: 0
