mse: 0.3980746865272522
nan_count: 0
mae: 0.4794665277004242
nan_count: 0
