mse: 0.5635183453559875
nan_count: 0
mae: 0.5939075350761414
nan_count: 0
