mse: 0.4003874361515045
nan_count: 0
mae: 0.4797044098377228
nan_count: 0
