mse: 0.41911107301712036
nan_count: 0
mae: 0.5025535225868225
nan_count: 0
