mse: 0.4675767421722412
nan_count: 0
mae: 0.5343422889709473
nan_count: 0
