mse: 0.4035967290401459
nan_count: 0
mae: 0.4808186888694763
nan_count: 0
