mse: 0.4019918441772461
nan_count: 0
mae: 0.47996553778648376
nan_count: 0
