mse: 0.4019920229911804
nan_count: 0
mae: 0.47994258999824524
nan_count: 0
