mse: 0.4003482460975647
nan_count: 0
mae: 0.4792149066925049
nan_count: 0
