mse: 0.41326022148132324
nan_count: 0
mae: 0.4945373237133026
nan_count: 0
