mse: 1.0204700231552124
nan_count: 0
mae: 0.8229724764823914
nan_count: 0
