mse: 0.40172937512397766
nan_count: 0
mae: 0.48009103536605835
nan_count: 0
