mse: 1.180473804473877
nan_count: 0
mae: 0.9106915593147278
nan_count: 0
