mse: 0.39774060249328613
nan_count: 0
mae: 0.479612797498703
nan_count: 0
