mse: 0.40371277928352356
nan_count: 0
mae: 0.4808797240257263
nan_count: 0
