mse: 0.39591509103775024
nan_count: 0
mae: 0.479659765958786
nan_count: 0
