mse: 0.39545738697052
nan_count: 0
mae: 0.4798976182937622
nan_count: 0
