mse: 1.2072001695632935
nan_count: 0
mae: 0.9126896262168884
nan_count: 0
