mse: 0.39778968691825867
nan_count: 0
mae: 0.48215121030807495
nan_count: 0
