mse: 0.5637440085411072
nan_count: 0
mae: 0.5952484011650085
nan_count: 0
