mse: 0.6198444366455078
nan_count: 0
mae: 0.6304337382316589
nan_count: 0
