mse: 0.3955024778842926
nan_count: 0
mae: 0.47776085138320923
nan_count: 0
