mse: 0.5842311978340149
nan_count: 0
mae: 0.6085655093193054
nan_count: 0
