mse: 0.47593802213668823
nan_count: 0
mae: 0.5428823828697205
nan_count: 0
