mse: 0.6621173620223999
nan_count: 0
mae: 0.6525415182113647
nan_count: 0
