mse: 0.3991221785545349
nan_count: 0
mae: 0.47938573360443115
nan_count: 0
