mse: 0.40435412526130676
nan_count: 0
mae: 0.49000662565231323
nan_count: 0
