mse: 0.4347979724407196
nan_count: 0
mae: 0.5111568570137024
nan_count: 0
