mse: 0.4340692460536957
nan_count: 0
mae: 0.5105850100517273
nan_count: 0
