mse: 0.430481880903244
nan_count: 0
mae: 0.5087460875511169
nan_count: 0
