mse: 0.3974693715572357
nan_count: 0
mae: 0.48004481196403503
nan_count: 0
