mse: 0.3982338309288025
nan_count: 0
mae: 0.4793551564216614
nan_count: 0
