mse: 0.4017385244369507
nan_count: 0
mae: 0.48011812567710876
nan_count: 0
