mse: 0.39918291568756104
nan_count: 0
mae: 0.479427695274353
nan_count: 0
