mse: 1.268223762512207
nan_count: 0
mae: 0.944343626499176
nan_count: 0
