mse: 0.4017806351184845
nan_count: 0
mae: 0.4801058769226074
nan_count: 0
