mse: 0.406704306602478
nan_count: 0
mae: 0.4909103810787201
nan_count: 0
