mse: 0.3977483808994293
nan_count: 0
mae: 0.4796448349952698
nan_count: 0
