mse: 0.43557971715927124
nan_count: 0
mae: 0.5128844380378723
nan_count: 0
