mse: 0.4273848533630371
nan_count: 0
mae: 0.5058407783508301
nan_count: 0
