mse: 0.6126468777656555
nan_count: 0
mae: 0.6228129863739014
nan_count: 0
