mse: 0.4001264274120331
nan_count: 0
mae: 0.47961318492889404
nan_count: 0
