mse: 0.3974698483943939
nan_count: 0
mae: 0.48085659742355347
nan_count: 0
