mse: 1.1288471221923828
nan_count: 0
mae: 0.8781120181083679
nan_count: 0
