mse: 0.3980947732925415
nan_count: 0
mae: 0.4818236827850342
nan_count: 0
