mse: 0.5763852000236511
nan_count: 0
mae: 0.6052124500274658
nan_count: 0
