mse: 0.40562641620635986
nan_count: 0
mae: 0.4905488193035126
nan_count: 0
