mse: 0.6511267423629761
nan_count: 0
mae: 0.6457014679908752
nan_count: 0
