mse: 0.4006231427192688
nan_count: 0
mae: 0.47941064834594727
nan_count: 0
