mse: 0.39790767431259155
nan_count: 0
mae: 0.4793552756309509
nan_count: 0
