mse: 0.41551247239112854
nan_count: 0
mae: 0.4978950619697571
nan_count: 0
