mse: 0.40044721961021423
nan_count: 0
mae: 0.4792805016040802
nan_count: 0
