mse: 0.3985993564128876
nan_count: 0
mae: 0.48283711075782776
nan_count: 0
