mse: 0.4668006896972656
nan_count: 0
mae: 0.5337182879447937
nan_count: 0
