mse: 0.3992062211036682
nan_count: 0
mae: 0.47944176197052
nan_count: 0
