mse: 0.4042828381061554
nan_count: 0
mae: 0.48141542077064514
nan_count: 0
