mse: 0.39801225066185
nan_count: 0
mae: 0.48176664113998413
nan_count: 0
