mse: 0.39704328775405884
nan_count: 0
mae: 0.48161277174949646
nan_count: 0
