mse: 0.44772347807884216
nan_count: 0
mae: 0.5227528810501099
nan_count: 0
