mse: 0.3990803360939026
nan_count: 0
mae: 0.47949522733688354
nan_count: 0
