mse: 1.1798988580703735
nan_count: 0
mae: 0.9006236791610718
nan_count: 0
