mse: 0.3976287841796875
nan_count: 0
mae: 0.48084312677383423
nan_count: 0
