mse: 0.4017941653728485
nan_count: 0
mae: 0.4801158905029297
nan_count: 0
