mse: 0.4019812047481537
nan_count: 0
mae: 0.4799996316432953
nan_count: 0
