mse: 0.4117457866668701
nan_count: 0
mae: 0.4939718246459961
nan_count: 0
