mse: 0.39677929878234863
nan_count: 0
mae: 0.48265984654426575
nan_count: 0
