mse: 0.429869681596756
nan_count: 0
mae: 0.5085192918777466
nan_count: 0
