mse: 1.277236819267273
nan_count: 0
mae: 0.947938084602356
nan_count: 0
