mse: 0.6997811198234558
nan_count: 0
mae: 0.671239972114563
nan_count: 0
