mse: 0.39953237771987915
nan_count: 0
mae: 0.4845752716064453
nan_count: 0
