mse: 0.42035138607025146
nan_count: 0
mae: 0.5010051727294922
nan_count: 0
