mse: 0.47560325264930725
nan_count: 0
mae: 0.5417291522026062
nan_count: 0
