mse: 0.5341495275497437
nan_count: 0
mae: 0.576280415058136
nan_count: 0
