mse: 0.42631202936172485
nan_count: 0
mae: 0.5050551295280457
nan_count: 0
