mse: 0.4001322090625763
nan_count: 0
mae: 0.4796028137207031
nan_count: 0
