mse: 0.39858710765838623
nan_count: 0
mae: 0.4834420382976532
nan_count: 0
