mse: 0.40199679136276245
nan_count: 0
mae: 0.4799450635910034
nan_count: 0
