mse: 0.8079999089241028
nan_count: 0
mae: 0.7256050109863281
nan_count: 0
