mse: 0.414002388715744
nan_count: 0
mae: 0.49691861867904663
nan_count: 0
