mse: 0.3987693786621094
nan_count: 0
mae: 0.4829052686691284
nan_count: 0
