mse: 0.39731889963150024
nan_count: 0
mae: 0.48108935356140137
nan_count: 0
