mse: 0.7121795415878296
nan_count: 0
mae: 0.6787281632423401
nan_count: 0
