mse: 0.40154045820236206
nan_count: 0
mae: 0.4854263365268707
nan_count: 0
