mse: 0.39714837074279785
nan_count: 0
mae: 0.48019036650657654
nan_count: 0
