mse: 0.398610383272171
nan_count: 0
mae: 0.4834599196910858
nan_count: 0
