mse: 0.39752671122550964
nan_count: 0
mae: 0.4807538390159607
nan_count: 0
