mse: 0.39761170744895935
nan_count: 0
mae: 0.48078805208206177
nan_count: 0
