mse: 0.39849764108657837
nan_count: 0
mae: 0.4827192723751068
nan_count: 0
