mse: 0.400389164686203
nan_count: 0
mae: 0.47913363575935364
nan_count: 0
