mse: 0.40081313252449036
nan_count: 0
mae: 0.4794047772884369
nan_count: 0
