mse: 0.5348911881446838
nan_count: 0
mae: 0.577841579914093
nan_count: 0
