mse: 0.9559159278869629
nan_count: 0
mae: 0.7980822324752808
nan_count: 0
