mse: 0.3978182375431061
nan_count: 0
mae: 0.4818234443664551
nan_count: 0
