mse: 1.1502629518508911
nan_count: 0
mae: 0.8904775977134705
nan_count: 0
