mse: 1.0303845405578613
nan_count: 0
mae: 0.8277130126953125
nan_count: 0
