mse: 0.45051705837249756
nan_count: 0
mae: 0.5235281586647034
nan_count: 0
