mse: 0.39795032143592834
nan_count: 0
mae: 0.47937873005867004
nan_count: 0
