mse: 0.39651980996131897
nan_count: 0
mae: 0.4800903797149658
nan_count: 0
