mse: 0.4018985331058502
nan_count: 0
mae: 0.4859132468700409
nan_count: 0
