mse: 0.40354475378990173
nan_count: 0
mae: 0.4807840585708618
nan_count: 0
