mse: 0.3984304964542389
nan_count: 0
mae: 0.4832306504249573
nan_count: 0
