mse: 0.4082580506801605
nan_count: 0
mae: 0.49221527576446533
nan_count: 0
