mse: 0.4096362888813019
nan_count: 0
mae: 0.4918850064277649
nan_count: 0
