mse: 0.39557453989982605
nan_count: 0
mae: 0.4778277575969696
nan_count: 0
