mse: 0.4013262391090393
nan_count: 0
mae: 0.48521432280540466
nan_count: 0
