mse: 0.400356650352478
nan_count: 0
mae: 0.47915345430374146
nan_count: 0
