mse: 0.4035838842391968
nan_count: 0
mae: 0.48081257939338684
nan_count: 0
