mse: 0.40200918912887573
nan_count: 0
mae: 0.48000743985176086
nan_count: 0
