mse: 0.46694281697273254
nan_count: 0
mae: 0.5338130593299866
nan_count: 0
