mse: 1.1358052492141724
nan_count: 0
mae: 0.8765312433242798
nan_count: 0
