mse: 0.39871153235435486
nan_count: 0
mae: 0.4829171895980835
nan_count: 0
