mse: 0.3976617455482483
nan_count: 0
mae: 0.48197174072265625
nan_count: 0
