mse: 0.3987128436565399
nan_count: 0
mae: 0.4841027557849884
nan_count: 0
