mse: 0.4316696226596832
nan_count: 0
mae: 0.5087674260139465
nan_count: 0
