mse: 0.6293556094169617
nan_count: 0
mae: 0.6354606747627258
nan_count: 0
