mse: 1.2239495515823364
nan_count: 0
mae: 0.9279676675796509
nan_count: 0
