mse: 0.39852043986320496
nan_count: 0
mae: 0.4831961393356323
nan_count: 0
