mse: 0.8325292468070984
nan_count: 0
mae: 0.7376847863197327
nan_count: 0
