mse: 0.43174830079078674
nan_count: 0
mae: 0.5096536874771118
nan_count: 0
