mse: 1.0501164197921753
nan_count: 0
mae: 0.8384765982627869
nan_count: 0
