mse: 0.3964206278324127
nan_count: 0
mae: 0.4802839457988739
nan_count: 0
