mse: 0.3966495394706726
nan_count: 0
mae: 0.48012489080429077
nan_count: 0
