mse: 0.43140292167663574
nan_count: 0
mae: 0.5096676349639893
nan_count: 0
