mse: 0.5579918622970581
nan_count: 0
mae: 0.5905265212059021
nan_count: 0
