mse: 0.3939802050590515
nan_count: 0
mae: 0.4785081744194031
nan_count: 0
