mse: 0.5664815902709961
nan_count: 0
mae: 0.5954967737197876
nan_count: 0
