mse: 0.39747145771980286
nan_count: 0
mae: 0.48007434606552124
nan_count: 0
