mse: 1.0298552513122559
nan_count: 0
mae: 0.8365969657897949
nan_count: 0
