mse: 0.5187731385231018
nan_count: 0
mae: 0.5665066242218018
nan_count: 0
