mse: 0.3997291624546051
nan_count: 0
mae: 0.4842941164970398
nan_count: 0
