mse: 0.7193399667739868
nan_count: 0
mae: 0.6826084852218628
nan_count: 0
