mse: 1.0114173889160156
nan_count: 0
mae: 0.8187204599380493
nan_count: 0
