mse: 0.4031010568141937
nan_count: 0
mae: 0.4891793727874756
nan_count: 0
