mse: 0.3973977565765381
nan_count: 0
mae: 0.4796730875968933
nan_count: 0
