mse: 0.420992374420166
mae: 0.5178800821304321
