mse: 0.40289101004600525
mae: 0.5040417313575745
