mse: 0.3891032934188843
mae: 0.49195733666419983
