mse: 0.41594070196151733
mae: 0.5136243104934692
