mse: 0.4233289659023285
mae: 0.5198074579238892
