mse: 0.4233146607875824
mae: 0.5197784304618835
