mse: 0.39252835512161255
mae: 0.4948367476463318
