mse: 0.40631335973739624
mae: 0.5059768557548523
