mse: 0.3715486526489258
mae: 0.4770105481147766
