mse: 0.4156652092933655
mae: 0.51373690366745
