mse: 0.40143445134162903
mae: 0.5019614696502686
