mse: 0.4162133038043976
mae: 0.5141816735267639
