mse: 0.3890231251716614
mae: 0.49215421080589294
