mse: 0.40977558493614197
mae: 0.509050726890564
