mse: 0.42057567834854126
mae: 0.5175252556800842
