mse: 0.3795679211616516
mae: 0.4835033118724823
