mse: 0.433504581451416
mae: 0.5276554822921753
