mse: 0.4336201548576355
mae: 0.5277396440505981
