mse: 0.4325219988822937
mae: 0.5268661975860596
