mse: 0.4025338292121887
mae: 0.5031028389930725
