mse: 0.4095836281776428
mae: 0.508849561214447
