mse: 0.3736010193824768
mae: 0.47894567251205444
