mse: 0.4269905984401703
mae: 0.5225967764854431
