mse: 0.4216090738773346
mae: 0.5184270143508911
