mse: 0.433639258146286
mae: 0.5277678370475769
