mse: 0.427421897649765
mae: 0.5230196118354797
