mse: 0.4017212688922882
mae: 0.5023868083953857
