mse: 0.43102705478668213
mae: 0.5255739092826843
