mse: 0.42384785413742065
mae: 0.5203282833099365
