mse: 0.4010787606239319
mae: 0.5019460916519165
