mse: 0.41462960839271545
mae: 0.5132786631584167
