mse: 0.38674312829971313
mae: 0.48966723680496216
