mse: 0.4113120436668396
mae: 0.510014533996582
