mse: 0.4014159142971039
mae: 0.5020975470542908
