mse: 0.40581458806991577
mae: 0.5063714385032654
