mse: 0.3941887617111206
mae: 0.49643951654434204
