mse: 0.4032696485519409
mae: 0.5037214159965515
