mse: 0.4212092459201813
mae: 0.5181465744972229
