mse: 0.432663232088089
mae: 0.5270498991012573
