mse: 0.39463794231414795
mae: 0.4960547387599945
