mse: 0.3860909938812256
mae: 0.4895506501197815
