mse: 0.38729336857795715
mae: 0.49068498611450195
