mse: 0.38994598388671875
mae: 0.49275824427604675
