mse: 0.4279767572879791
mae: 0.5234200954437256
