mse: 0.419069766998291
mae: 0.5164331793785095
