mse: 0.3845725357532501
mae: 0.4878093898296356
