mse: 0.41701000928878784
mae: 0.5148059725761414
