mse: 0.4141710102558136
mae: 0.5125585794448853
