mse: 0.4007004499435425
mae: 0.5014377236366272
