mse: 0.4158879518508911
mae: 0.513967752456665
