mse: 0.40406113862991333
mae: 0.5044323205947876
