mse: 0.4086728096008301
mae: 0.5086381435394287
