mse: 0.410701185464859
mae: 0.5092819333076477
