mse: 0.4302845597267151
mae: 0.5251891016960144
