mse: 0.40539902448654175
mae: 0.5054517984390259
