mse: 0.39680513739585876
mae: 0.4984170198440552
