mse: 0.4270592927932739
mae: 0.5227575898170471
