mse: 0.42183852195739746
mae: 0.5182898640632629
