mse: 0.39063432812690735
mae: 0.49333563446998596
