mse: 0.4270302951335907
mae: 0.5226185917854309
