mse: 0.4328806400299072
mae: 0.5271164774894714
