mse: 0.4105168282985687
mae: 0.5092135667800903
