mse: 0.4275091588497162
mae: 0.5230481028556824
