mse: 0.41158345341682434
mae: 0.5105181932449341
