mse: 0.41417860984802246
mae: 0.5124220848083496
