mse: 0.4213517904281616
mae: 0.5181812047958374
