mse: 0.3848743438720703
mae: 0.4885324537754059
