mse: 0.41663581132888794
mae: 0.5143118500709534
