mse: 0.39165884256362915
mae: 0.4941970705986023
