mse: 0.42556169629096985
mae: 0.5214545726776123
