mse: 0.3818875253200531
mae: 0.48613956570625305
