mse: 0.41529327630996704
mae: 0.5133780837059021
