mse: 0.4129543900489807
mae: 0.5115790367126465
