mse: 0.38962480425834656
mae: 0.49211040139198303
