mse: 0.4161617159843445
mae: 0.5137436985969543
