mse: 0.3855665922164917
mae: 0.48879364132881165
