mse: 0.4274806082248688
mae: 0.5230071544647217
