mse: 0.38021090626716614
mae: 0.4844975173473358
