mse: 0.3804810643196106
mae: 0.4848359525203705
