mse: 0.414081335067749
mae: 0.5123044848442078
