mse: 0.39980900287628174
mae: 0.5003771781921387
