mse: 0.41074860095977783
mae: 0.5095098614692688
