mse: 0.3793354034423828
mae: 0.4828110635280609
