mse: 0.4097423851490021
mae: 0.5089847445487976
