mse: 0.40528079867362976
mae: 0.5048180222511292
