mse: 0.40002158284187317
mae: 0.5007655024528503
