mse: 0.4143216609954834
mae: 0.5125560164451599
