mse: 0.43438467383384705
mae: 0.5283694267272949
