mse: 0.42305997014045715
mae: 0.5195849537849426
