mse: 0.38389602303504944
mae: 0.48783329129219055
