mse: 0.3916231095790863
mae: 0.493812620639801
