mse: 0.3951612710952759
mae: 0.4969754219055176
