mse: 0.38943782448768616
mae: 0.4916512072086334
