mse: 0.418182909488678
mae: 0.5157952904701233
