mse: 0.43319666385650635
mae: 0.5273394584655762
