mse: 0.42154401540756226
mae: 0.5181184411048889
