mse: 0.42545491456985474
mae: 0.5214913487434387
