mse: 0.38434138894081116
mae: 0.4871687591075897
