mse: 0.4014010429382324
mae: 0.5020100474357605
