mse: 0.3788282871246338
mae: 0.4835510849952698
