mse: 0.42179009318351746
mae: 0.5186079144477844
