mse: 0.4114964008331299
mae: 0.5101771354675293
