mse: 0.4208018481731415
mae: 0.5180143117904663
