mse: 0.3927709460258484
mae: 0.4952193796634674
