mse: 0.41354992985725403
mae: 0.5121417045593262
