mse: 0.40860193967819214
mae: 0.5080063939094543
