mse: 0.3779148459434509
mae: 0.4825610816478729
