mse: 0.42764055728912354
mae: 0.5232036709785461
