mse: 0.42728981375694275
mae: 0.5228338241577148
