mse: 0.39999085664749146
mae: 0.5004128217697144
