mse: 0.41048598289489746
mae: 0.5096650123596191
