mse: 0.4050942659378052
mae: 0.5047635436058044
