mse: 0.43409454822540283
mae: 0.5278970003128052
