mse: 0.39835819602012634
mae: 0.49981582164764404
