mse: 0.4271562695503235
mae: 0.522803544998169
