mse: 0.4270718991756439
mae: 0.5226565599441528
