mse: 0.42062142491340637
mae: 0.5175802707672119
