mse: 0.42195960879325867
mae: 0.5184492468833923
