mse: 0.414966344833374
mae: 0.5131757259368896
