mse: 0.37224623560905457
mae: 0.47767916321754456
