mse: 0.4059894382953644
mae: 0.5057545304298401
