mse: 0.377299964427948
mae: 0.48196545243263245
