mse: 0.41612330079078674
mae: 0.5141416788101196
