mse: 0.42775869369506836
mae: 0.523015558719635
