mse: 0.3791649639606476
mae: 0.48371565341949463
