mse: 0.3793308138847351
mae: 0.4829566478729248
