mse: 0.43219873309135437
mae: 0.5267064571380615
