mse: 0.42820242047309875
mae: 0.5234463810920715
