mse: 0.38368797302246094
mae: 0.48745474219322205
