mse: 0.3842814862728119
mae: 0.4872581958770752
