mse: 0.416313111782074
mae: 0.5139726400375366
