mse: 0.38955923914909363
mae: 0.49238014221191406
