mse: 0.4271385073661804
mae: 0.5225939750671387
