mse: 0.43354836106300354
mae: 0.5275193452835083
