mse: 0.4327884316444397
mae: 0.5271777510643005
