mse: 0.4079296290874481
mae: 0.5074256062507629
