mse: 0.43357565999031067
mae: 0.5277296304702759
