mse: 0.38316622376441956
mae: 0.4869634807109833
