mse: 0.39550721645355225
mae: 0.4972967207431793
