mse: 0.37738871574401855
mae: 0.4818681478500366
