mse: 0.42189735174179077
mae: 0.5185012817382812
