mse: 0.37165379524230957
mae: 0.476904034614563
