mse: 0.4148239493370056
mae: 0.5129838585853577
