mse: 0.4205670654773712
mae: 0.5176563858985901
