mse: 0.39740535616874695
mae: 0.4989411532878876
