mse: 0.4332005977630615
mae: 0.527463972568512
