mse: 0.3832393288612366
mae: 0.48686128854751587
