mse: 0.3955342769622803
mae: 0.4971676170825958
