mse: 0.40770432353019714
mae: 0.5071520805358887
