mse: 0.3766663670539856
mae: 0.48168644309043884
