mse: 0.4204922616481781
mae: 0.5174555778503418
