mse: 0.39516469836235046
mae: 0.49687352776527405
