mse: 0.3995130956172943
mae: 0.5008192658424377
