mse: 0.40922805666923523
mae: 0.5085263848304749
