mse: 0.41164228320121765
mae: 0.5109614133834839
