mse: 0.4299338757991791
mae: 0.5249601006507874
