mse: 0.4177283048629761
mae: 0.5156715512275696
