mse: 0.4340634346008301
mae: 0.5278513431549072
