mse: 0.4217228591442108
mae: 0.5185369253158569
