mse: 0.3819546401500702
mae: 0.48560386896133423
