mse: 0.4077118933200836
mae: 0.5072294473648071
