mse: 0.418660432100296
mae: 0.5161224007606506
