mse: 0.43350374698638916
mae: 0.5276817679405212
