mse: 0.3947673439979553
mae: 0.4964326322078705
