mse: 0.4274602234363556
mae: 0.5227961540222168
