mse: 0.38940924406051636
mae: 0.4915333092212677
