mse: 0.39645063877105713
mae: 0.4981335699558258
