mse: 0.4053575396537781
mae: 0.5051368474960327
