mse: 0.388371080160141
mae: 0.49135756492614746
