mse: 0.4271429777145386
mae: 0.522675633430481
