mse: 0.4334505796432495
mae: 0.5275773406028748
