mse: 0.37502309679985046
mae: 0.480170875787735
