mse: 0.4049990475177765
mae: 0.5052634477615356
