mse: 0.39651140570640564
mae: 0.4978978633880615
