mse: 0.38917768001556396
mae: 0.4918830394744873
