mse: 0.3946523666381836
mae: 0.49595555663108826
