mse: 0.4408981204032898
mae: 0.46174871921539307
