mse: 0.450649619102478
nan_count: 0
mae: 0.4967074692249298
nan_count: 0
