mse: 0.4573262631893158
nan_count: 0
mae: 0.5010759234428406
nan_count: 0
