mse: 0.11031119525432587
mae: 0.24014467000961304
