mse: 0.12000535428524017
mae: 0.25072747468948364
