mse: 0.1211140900850296
mae: 0.25113150477409363
