mse: 0.14362354576587677
mae: 0.27801352739334106
