mse: 0.2648717164993286
mae: 0.3904392719268799
