mse: 0.1086508259177208
mae: 0.23968462646007538
