mse: 0.1370883285999298
mae: 0.2707623243331909
