mse: 0.13517938554286957
mae: 0.2683829069137573
