mse: 0.3032017648220062
mae: 0.4178065359592438
