mse: 0.1478969305753708
mae: 0.2839607894420624
