mse: 0.12493791431188583
mae: 0.25589144229888916
