mse: 0.10923688113689423
mae: 0.2401883751153946
