mse: 0.10903222858905792
mae: 0.23983213305473328
