mse: 0.11203522980213165
mae: 0.2420135885477066
