mse: 0.20303049683570862
mae: 0.33780550956726074
