mse: 0.5945135951042175
mae: 0.5656269192695618
