mse: 0.10908448696136475
mae: 0.24014362692832947
