mse: 0.12206758558750153
mae: 0.25309014320373535
