mse: 0.11316677182912827
mae: 0.24340705573558807
