mse: 0.11154463142156601
mae: 0.24115023016929626
