mse: 0.11487365514039993
mae: 0.2442411333322525
