mse: 0.10892068594694138
mae: 0.23958097398281097
