mse: 0.10811319202184677
mae: 0.23919515311717987
