mse: 0.12201084941625595
mae: 0.2524383068084717
