mse: 0.25447404384613037
mae: 0.38287389278411865
