mse: 0.11192655563354492
mae: 0.24198254942893982
