mse: 0.11747013032436371
mae: 0.2471567839384079
