mse: 0.10912508517503738
mae: 0.24033212661743164
