mse: 0.1127471998333931
mae: 0.2425667643547058
