mse: 0.10908801108598709
mae: 0.24000133574008942
