mse: 0.20879776775836945
mae: 0.34450840950012207
