mse: 0.10882002860307693
mae: 0.239915132522583
