mse: 0.21351604163646698
mae: 0.3467012643814087
