mse: 0.11141984164714813
mae: 0.24143940210342407
