mse: 0.12869836390018463
mae: 0.2611534297466278
