mse: 0.1086617186665535
mae: 0.2394373118877411
