mse: 0.10890083760023117
mae: 0.2400091141462326
