mse: 0.2483898550271988
mae: 0.376981258392334
