mse: 0.1085520088672638
mae: 0.23957686126232147
