mse: 0.10910733789205551
mae: 0.2397659868001938
