mse: 0.11636263877153397
mae: 0.24642358720302582
