mse: 0.16235366463661194
mae: 0.29725730419158936
