mse: 0.11194893717765808
mae: 0.24204853177070618
