mse: 0.10898488014936447
mae: 0.24019844830036163
