mse: 0.11837587505578995
mae: 0.24798767268657684
