mse: 0.11992195248603821
mae: 0.25014957785606384
