mse: 0.11200791597366333
mae: 0.24185487627983093
