mse: 0.10849615931510925
mae: 0.23974910378456116
