mse: 0.14800149202346802
mae: 0.28267088532447815
