mse: 0.14759400486946106
mae: 0.283012717962265
