mse: 0.10870450735092163
mae: 0.23979859054088593
