mse: 0.12965404987335205
mae: 0.2636467516422272
