mse: 0.10850206762552261
mae: 0.2398204505443573
