mse: 0.11103704571723938
mae: 0.2410583645105362
