mse: 0.1088251918554306
mae: 0.2397138476371765
