mse: 0.15230774879455566
mae: 0.2869539260864258
