mse: 0.1093192771077156
mae: 0.240165114402771
