mse: 0.18567469716072083
mae: 0.32063403725624084
