mse: 0.18468846380710602
mae: 0.3219817876815796
