mse: 0.11174562573432922
mae: 0.24181564152240753
