mse: 0.15255852043628693
mae: 0.2904038727283478
