mse: 0.1125430315732956
mae: 0.24227987229824066
