mse: 0.1469213217496872
mae: 0.28250956535339355
