mse: 0.11034417152404785
mae: 0.24104997515678406
