mse: 0.30925121903419495
mae: 0.4216965436935425
