mse: 0.10884925723075867
mae: 0.2399224489927292
