mse: 0.12006332725286484
mae: 0.25033044815063477
