mse: 0.10900436341762543
mae: 0.23978561162948608
