mse: 0.1090783029794693
mae: 0.24007543921470642
