mse: 0.16210980713367462
mae: 0.2975373864173889
