mse: 0.11360256373882294
mae: 0.24447624385356903
