mse: 0.10982993990182877
mae: 0.240479975938797
