mse: 0.11714968085289001
mae: 0.24706268310546875
