mse: 0.11436225473880768
mae: 0.244662806391716
