mse: 0.11211979389190674
mae: 0.24133171141147614
