mse: 0.11179351806640625
mae: 0.24160021543502808
