mse: 0.10815046727657318
mae: 0.23929661512374878
