mse: 0.11337286978960037
mae: 0.2436390519142151
