mse: 0.11988008767366409
mae: 0.25083819031715393
