mse: 0.12526722252368927
mae: 0.2567181885242462
