mse: 0.11682712286710739
mae: 0.24707044661045074
