mse: 0.11013757437467575
mae: 0.24012617766857147
