mse: 0.10983329266309738
mae: 0.24027720093727112
