mse: 0.12347479164600372
mae: 0.25431114435195923
