mse: 0.1626221388578415
mae: 0.2975459396839142
