mse: 0.12403041869401932
mae: 0.2563539445400238
