mse: 0.11210586130619049
mae: 0.24205522239208221
