mse: 0.13035091757774353
mae: 0.2635938823223114
