mse: 0.301101416349411
mae: 0.41636356711387634
