mse: 0.10919725149869919
mae: 0.24024733901023865
