mse: 0.11178292334079742
mae: 0.24166227877140045
