mse: 0.11125034093856812
mae: 0.24118584394454956
