mse: 0.10880761593580246
mae: 0.23992601037025452
