mse: 0.10920891910791397
mae: 0.24031317234039307
