mse: 0.23076431453227997
mae: 0.3625205159187317
