mse: 0.12495197355747223
mae: 0.25646674633026123
