mse: 0.13557429611682892
mae: 0.26873427629470825
