mse: 0.2913977801799774
mae: 0.40938931703567505
