mse: 0.10949777066707611
mae: 0.2402590811252594
