mse: 0.22888150811195374
mae: 0.3628948926925659
