mse: 0.14559853076934814
mae: 0.2814306616783142
