mse: 0.1148490309715271
mae: 0.24468915164470673
