mse: 0.10921889543533325
mae: 0.24019382894039154
