mse: 0.11349815130233765
mae: 0.2431505173444748
