mse: 0.7526487708091736
mae: 0.6313932538032532
