mse: 0.10875833034515381
mae: 0.2400287389755249
