mse: 0.12423741072416306
mae: 0.25638630986213684
