mse: 0.13381655514240265
mae: 0.267924427986145
