mse: 0.1100286915898323
mae: 0.24042989313602448
