mse: 0.11107679456472397
mae: 0.2412414848804474
