mse: 0.11306823790073395
mae: 0.24326092004776
