mse: 0.12520429491996765
mae: 0.25684940814971924
