mse: 0.10917555540800095
mae: 0.23993997275829315
