mse: 0.16319043934345245
mae: 0.299790620803833
