mse: 0.18502177298069
mae: 0.3203350603580475
