mse: 0.10881110280752182
mae: 0.24005812406539917
