mse: 0.1468878835439682
mae: 0.28305456042289734
