mse: 0.14102068543434143
mae: 0.27493903040885925
