mse: 0.13455554842948914
mae: 0.2683946490287781
