mse: 0.11638752371072769
mae: 0.24665473401546478
