mse: 0.18422994017601013
mae: 0.320827841758728
