mse: 0.10894522815942764
mae: 0.2399352490901947
