mse: 0.1112220510840416
mae: 0.2413371503353119
