mse: 0.11103222519159317
mae: 0.24105215072631836
