mse: 0.11690723150968552
mae: 0.24717731773853302
