mse: 0.1087990254163742
mae: 0.23988641798496246
