mse: 0.11079227924346924
mae: 0.240960493683815
