mse: 0.12358816713094711
mae: 0.25555184483528137
