mse: 0.11875011026859283
mae: 0.24962736666202545
