mse: 0.10855355113744736
mae: 0.23967160284519196
