mse: 0.2213951051235199
mae: 0.35318928956985474
