mse: 0.1520799696445465
mae: 0.28836116194725037
