mse: 0.11701793223619461
mae: 0.24647432565689087
