mse: 0.12164168804883957
mae: 0.251402884721756
