mse: 0.10939860343933105
mae: 0.23947402834892273
