mse: 0.10889698565006256
mae: 0.23986798524856567
