mse: 0.1274855136871338
mae: 0.2604307532310486
