mse: 0.11011617630720139
mae: 0.24025411903858185
