mse: 0.13615937530994415
mae: 0.2699112594127655
