mse: 0.15709349513053894
mae: 0.29307425022125244
