mse: 0.11322494596242905
mae: 0.2425670176744461
