mse: 0.19228610396385193
mae: 0.32749509811401367
