mse: 0.10776592046022415
mae: 0.23820331692695618
