mse: 0.13418488204479218
mae: 0.26860877871513367
