mse: 0.10884945094585419
mae: 0.24002547562122345
