mse: 0.34997451305389404
mae: 0.4505826234817505
