mse: 0.1084287166595459
mae: 0.23938588798046112
