mse: 0.10873553156852722
mae: 0.23983250558376312
