mse: 0.1177145317196846
mae: 0.24736973643302917
