mse: 0.11673647165298462
mae: 0.24688760936260223
