mse: 0.11032705008983612
mae: 0.240683451294899
