mse: 0.1087334156036377
mae: 0.24003851413726807
