mse: 0.10967621952295303
mae: 0.23989471793174744
