mse: 0.3050893247127533
mae: 0.4182009696960449
