mse: 0.10838671028614044
mae: 0.23930662870407104
