mse: 0.10960289090871811
mae: 0.23970948159694672
