mse: 0.1413060575723648
mae: 0.2778570353984833
