mse: 0.12784552574157715
mae: 0.2605589032173157
