mse: 0.1173715889453888
mae: 0.24743178486824036
