mse: 0.12956197559833527
mae: 0.2646816372871399
