mse: 0.1686512678861618
mae: 0.3051757514476776
