mse: 0.10837376862764359
mae: 0.2392406463623047
