mse: 0.28636637330055237
mae: 0.4072800576686859
