mse: 0.13032007217407227
mae: 0.2628447115421295
