mse: 0.1097513735294342
mae: 0.2403305172920227
