mse: 0.1715693175792694
mae: 0.3069285750389099
