mse: 0.11100998520851135
mae: 0.2408854067325592
