mse: 0.11036890000104904
mae: 0.2409231811761856
