mse: 0.11168233305215836
mae: 0.24117828905582428
