mse: 0.20169447362422943
mae: 0.3373061716556549
