mse: 0.12320251762866974
mae: 0.25429847836494446
