mse: 0.1310775876045227
mae: 0.2646595239639282
