mse: 0.13075995445251465
mae: 0.264844685792923
