mse: 0.10842365026473999
mae: 0.2398243099451065
