mse: 0.13100826740264893
mae: 0.2664785087108612
