mse: 0.10971292108297348
mae: 0.24031823873519897
