mse: 0.18080668151378632
mae: 0.31646180152893066
