mse: 0.11176387220621109
mae: 0.2417430281639099
