mse: 0.21473269164562225
mae: 0.34553253650665283
