mse: 0.15679416060447693
mae: 0.2945653796195984
