mse: 0.1084461435675621
mae: 0.23940956592559814
