mse: 0.3336956202983856
mae: 0.4421236217021942
