mse: 0.11596003919839859
mae: 0.24629884958267212
