mse: 0.10837822407484055
mae: 0.23932260274887085
