mse: 0.10816028714179993
mae: 0.23911796510219574
