mse: 0.11058394610881805
mae: 0.24051281809806824
