mse: 0.1624673306941986
mae: 0.2992894947528839
