mse: 0.10880259424448013
mae: 0.24005907773971558
