mse: 0.10965194553136826
mae: 0.2400158941745758
