mse: 0.12253613770008087
mae: 0.2538473904132843
