mse: 0.11228947341442108
mae: 0.2420685738325119
