mse: 0.1680828183889389
mae: 0.30448228120803833
