mse: 0.11151464283466339
mae: 0.241281196475029
