mse: 0.11992889642715454
mae: 0.25063851475715637
