mse: 0.11876001209020615
mae: 0.2488986998796463
