mse: 0.36002710461616516
mae: 0.45616644620895386
