mse: 0.11953391879796982
mae: 0.2523114085197449
