mse: 0.16987751424312592
mae: 0.306246817111969
