mse: 0.1184123158454895
mae: 0.24816426634788513
