mse: 0.11014041304588318
mae: 0.24067336320877075
