mse: 0.1087573990225792
mae: 0.24003945291042328
