mse: 0.11191029101610184
mae: 0.241974875330925
