mse: 0.11121325194835663
mae: 0.24131962656974792
