mse: 0.10831478983163834
mae: 0.23924943804740906
