mse: 0.13080798089504242
mae: 0.26432040333747864
