mse: 0.11552220582962036
mae: 0.24453328549861908
