mse: 0.11456063389778137
mae: 0.24423016607761383
