mse: 0.112721748650074
mae: 0.24233309924602509
