mse: 0.10842474550008774
mae: 0.23944315314292908
