mse: 0.19135738909244537
mae: 0.32658448815345764
