mse: 0.1469070166349411
mae: 0.2824975550174713
