mse: 0.10902445018291473
mae: 0.23956690728664398
