mse: 0.11089882254600525
mae: 0.24110129475593567
