mse: 0.10843057930469513
mae: 0.23960566520690918
