mse: 0.16525684297084808
mae: 0.3017902076244354
