mse: 0.1093776524066925
mae: 0.24031148850917816
