mse: 0.11161508411169052
mae: 0.2412339299917221
