mse: 0.16791558265686035
mae: 0.30721303820610046
