mse: 0.11091059446334839
mae: 0.24121986329555511
