mse: 0.22956928610801697
mae: 0.3619462847709656
