mse: 0.10910673439502716
mae: 0.24001993238925934
