mse: 0.10864925384521484
mae: 0.23993974924087524
