mse: 0.10796186327934265
mae: 0.2393222600221634
