mse: 0.10871516168117523
mae: 0.23989981412887573
