mse: 0.10859643667936325
mae: 0.2394968420267105
