mse: 0.11166338622570038
mae: 0.24106532335281372
