mse: 0.3544280529022217
mae: 0.45324262976646423
