mse: 0.13689661026000977
mae: 0.27051129937171936
