mse: 0.11941327899694443
mae: 0.25048649311065674
