mse: 0.11024567484855652
mae: 0.24060969054698944
