mse: 0.1112830862402916
mae: 0.24103356897830963
