mse: 0.19586443901062012
mae: 0.33081069588661194
