mse: 0.1495705097913742
mae: 0.2842722535133362
