mse: 0.13786692917346954
mae: 0.27238231897354126
