mse: 0.1080605611205101
mae: 0.23910172283649445
