mse: 0.11362874507904053
mae: 0.24374735355377197
