mse: 0.4698851406574249
mae: 0.5055241584777832
