mse: 0.14383666217327118
mae: 0.2783035635948181
