mse: 0.10874307155609131
mae: 0.23999859392642975
