mse: 0.14767052233219147
mae: 0.2834211587905884
