mse: 0.11039110273122787
mae: 0.24096950888633728
