mse: 0.10829520970582962
mae: 0.23978589475154877
