mse: 0.13520772755146027
mae: 0.26891273260116577
