mse: 0.12425442785024643
mae: 0.2543864846229553
