mse: 0.11027141660451889
mae: 0.2406628280878067
