mse: 0.1095305010676384
mae: 0.24021881818771362
