mse: 0.10906438529491425
mae: 0.23997566103935242
