mse: 0.16644470393657684
mae: 0.30365949869155884
