mse: 0.2467866986989975
mae: 0.375153511762619
