mse: 0.10956133902072906
mae: 0.2397080659866333
