mse: 0.13543987274169922
mae: 0.26896506547927856
