mse: 0.14255934953689575
mae: 0.27691811323165894
