mse: 0.1471705138683319
mae: 0.28198733925819397
