mse: 0.2833021283149719
mae: 0.3961462080478668
