mse: 0.14553645253181458
mae: 0.2812905013561249
