mse: 0.11024504154920578
mae: 0.2400008738040924
