mse: 0.11920194327831268
mae: 0.24997806549072266
