mse: 0.11588500440120697
mae: 0.24631446599960327
