mse: 0.11067457497119904
mae: 0.24053360521793365
