mse: 0.11031781136989594
mae: 0.24029690027236938
