mse: 0.1082678958773613
mae: 0.2389591634273529
