mse: 0.11229673027992249
mae: 0.24198003113269806
