mse: 0.11346488445997238
mae: 0.24361178278923035
