mse: 0.1515616923570633
mae: 0.2864404618740082
