mse: 0.12511879205703735
mae: 0.25607427954673767
