mse: 0.15233570337295532
mae: 0.28724944591522217
