mse: 0.10905038565397263
mae: 0.23922643065452576
