mse: 0.15668907761573792
mae: 0.29336175322532654
