mse: 0.12538424134254456
mae: 0.2564680278301239
