mse: 0.1090657040476799
mae: 0.2401316910982132
