mse: 0.11164125800132751
mae: 0.24158601462841034
