mse: 0.10841850936412811
mae: 0.239174485206604
