mse: 0.10840649157762527
mae: 0.2390499860048294
