mse: 0.26020216941833496
mae: 0.3873327076435089
