mse: 0.11084901541471481
mae: 0.241024911403656
