mse: 0.10894673317670822
mae: 0.23994576930999756
