mse: 0.19247332215309143
mae: 0.32805877923965454
