mse: 0.10879926383495331
mae: 0.23977063596248627
