mse: 0.12390885502099991
mae: 0.2551860809326172
