mse: 0.14796310663223267
mae: 0.28283119201660156
