mse: 0.2237119972705841
mae: 0.35552000999450684
