mse: 0.10826540738344193
mae: 0.2393132597208023
