mse: 0.10807181149721146
mae: 0.23909631371498108
