mse: 0.30470266938209534
mae: 0.4187923073768616
