mse: 0.11966128647327423
mae: 0.24881605803966522
