mse: 0.13457320630550385
mae: 0.2679474353790283
