mse: 0.10814772546291351
mae: 0.23898035287857056
