mse: 0.1272120326757431
mae: 0.2589002847671509
