mse: 0.10833606868982315
mae: 0.2393874228000641
