mse: 0.11134696006774902
mae: 0.241434708237648
