mse: 0.10879965871572495
mae: 0.2401539385318756
