mse: 0.11445925384759903
mae: 0.244749054312706
