mse: 0.1096133291721344
mae: 0.24029341340065002
