mse: 0.11200255900621414
mae: 0.24192674458026886
