mse: 0.16874852776527405
mae: 0.3050224781036377
