mse: 0.1146564781665802
mae: 0.24480323493480682
