mse: 0.15185891091823578
mae: 0.28704899549484253
