mse: 0.2986065447330475
mae: 0.41629669070243835
