mse: 0.11056017130613327
mae: 0.2409631311893463
