mse: 0.2764156460762024
mae: 0.39150768518447876
