mse: 0.11256003379821777
mae: 0.24204279482364655
