mse: 0.13458554446697235
mae: 0.26786139607429504
