mse: 0.10944657772779465
mae: 0.2400088757276535
