mse: 0.10879074037075043
mae: 0.23967614769935608
