mse: 0.11099541932344437
mae: 0.24058926105499268
