mse: 0.1290564388036728
mae: 0.2613828778266907
