mse: 0.10908759385347366
mae: 0.24005617201328278
