mse: 0.10847549140453339
mae: 0.23976285755634308
