mse: 0.11108366400003433
mae: 0.2410690188407898
