mse: 0.25928303599357605
mae: 0.3842824697494507
