mse: 0.1415301114320755
mae: 0.27517303824424744
