mse: 0.16680793464183807
mae: 0.30188897252082825
