mse: 0.366012841463089
mae: 0.44826647639274597
