mse: 0.1089225485920906
mae: 0.23973201215267181
