mse: 0.1306929737329483
mae: 0.2645469009876251
