mse: 0.11282132565975189
mae: 0.24373120069503784
