mse: 0.18070808053016663
mae: 0.3206890821456909
