mse: 0.11316873878240585
mae: 0.2432267963886261
