mse: 0.11292567104101181
mae: 0.2422104924917221
