mse: 0.11326275765895844
mae: 0.24307207763195038
