mse: 0.15203757584095
mae: 0.2869070768356323
