mse: 0.14420652389526367
mae: 0.2784666121006012
