mse: 0.10948210954666138
mae: 0.23987983167171478
