mse: 0.1085086315870285
mae: 0.2394649237394333
