mse: 0.13511942327022552
mae: 0.2685317397117615
