mse: 0.10969412326812744
mae: 0.2402135282754898
