mse: 0.10872670263051987
mae: 0.23996612429618835
