mse: 0.11135208606719971
mae: 0.24124343693256378
