mse: 0.11179667711257935
mae: 0.24150697886943817
