mse: 0.11014405637979507
mae: 0.24025893211364746
