mse: 0.12845848500728607
mae: 0.2609030306339264
