mse: 0.11225957423448563
mae: 0.24132086336612701
