mse: 0.15474499762058258
mae: 0.29100409150123596
