mse: 0.11089710146188736
mae: 0.24083535373210907
