mse: 0.10835881531238556
mae: 0.23919931054115295
