mse: 0.27973976731300354
mae: 0.4025547206401825
