mse: 0.26515862345695496
mae: 0.3886164426803589
