mse: 0.11106227338314056
mae: 0.24125909805297852
