mse: 0.11854282766580582
mae: 0.24868857860565186
