mse: 0.12963785231113434
mae: 0.2632876932621002
