mse: 0.11539164185523987
mae: 0.2441178858280182
