mse: 0.3617045283317566
mae: 0.4561455547809601
