mse: 0.13885769248008728
mae: 0.2736831307411194
