mse: 0.1084553599357605
mae: 0.23982711136341095
