mse: 0.12963879108428955
mae: 0.2618415653705597
