mse: 0.11190620809793472
mae: 0.24198167026042938
