mse: 0.10994545370340347
mae: 0.2399585247039795
