mse: 0.1115214005112648
mae: 0.24121476709842682
