mse: 0.1118432804942131
mae: 0.24081553518772125
