mse: 0.11069722473621368
mae: 0.2410111427307129
