mse: 0.16203151643276215
mae: 0.2977876365184784
