mse: 0.12936119735240936
mae: 0.2615208625793457
