mse: 0.1181655079126358
mae: 0.24824093282222748
