mse: 0.33485355973243713
mae: 0.4404050409793854
