mse: 0.2200763076543808
mae: 0.35294073820114136
