mse: 0.12943409383296967
mae: 0.2622267007827759
