mse: 0.11188576370477676
mae: 0.24117831885814667
