mse: 0.12416557967662811
mae: 0.2556876838207245
