mse: 0.11121180653572083
mae: 0.2410924732685089
