mse: 0.10893934965133667
mae: 0.24008680880069733
