mse: 0.1086556687951088
mae: 0.23951038718223572
