mse: 0.11035849153995514
mae: 0.24012815952301025
