mse: 0.10875400900840759
mae: 0.23987360298633575
