mse: 0.10967344790697098
mae: 0.2400519996881485
