mse: 0.11081277579069138
mae: 0.24074693024158478
