mse: 0.11218523979187012
mae: 0.24206873774528503
