mse: 0.10840016603469849
mae: 0.2394002377986908
