mse: 0.11183376610279083
mae: 0.24174290895462036
