mse: 0.2592657506465912
mae: 0.3844303488731384
