mse: 0.11937564611434937
mae: 0.2501543164253235
