mse: 0.11086287349462509
mae: 0.24051281809806824
