mse: 0.10863669961690903
mae: 0.239928737282753
