mse: 0.10931117087602615
mae: 0.24009278416633606
