mse: 0.1298988312482834
mae: 0.2626306712627411
