mse: 0.1091017797589302
mae: 0.23978883028030396
