mse: 0.10937647521495819
mae: 0.23989681899547577
