mse: 0.147054523229599
mae: 0.2829478085041046
