mse: 0.10903867334127426
mae: 0.23970463871955872
