mse: 0.10878271609544754
mae: 0.2395782172679901
