mse: 0.18033094704151154
mae: 0.31658101081848145
