mse: 0.16234716773033142
mae: 0.29754638671875
