mse: 0.18631255626678467
mae: 0.32091614603996277
