mse: 0.11847372353076935
mae: 0.24849474430084229
