mse: 0.12382632493972778
mae: 0.2557753920555115
