mse: 0.16544511914253235
mae: 0.30239754915237427
