mse: 0.12091832607984543
mae: 0.2510194182395935
