mse: 0.110361747443676
mae: 0.24043186008930206
