mse: 0.10812382400035858
mae: 0.23887662589550018
