mse: 0.16591286659240723
mae: 0.3024943172931671
