mse: 0.11034379154443741
mae: 0.24041900038719177
