mse: 0.14782960712909698
mae: 0.2836972177028656
