mse: 0.11064636707305908
mae: 0.24056868255138397
