mse: 0.2877989113330841
mae: 0.40654999017715454
