mse: 0.11139058321714401
mae: 0.24151746928691864
