mse: 0.16844876110553741
mae: 0.3052113354206085
