mse: 0.11110471934080124
mae: 0.2407255470752716
