mse: 0.11222951114177704
mae: 0.24207575619220734
