mse: 0.11074741184711456
mae: 0.24097593128681183
