mse: 0.12895186245441437
mae: 0.261208713054657
