mse: 0.10943710058927536
mae: 0.24014154076576233
