mse: 0.12398047000169754
mae: 0.2558918595314026
