mse: 0.10886969417333603
mae: 0.23963645100593567
