mse: 0.16745246946811676
mae: 0.30422094464302063
