mse: 0.108907550573349
mae: 0.24001453816890717
