mse: 0.11211856454610825
mae: 0.24214021861553192
