mse: 0.10901103168725967
mae: 0.2400726079940796
