mse: 0.14002665877342224
mae: 0.27479130029678345
