mse: 0.15125127136707306
mae: 0.2865227162837982
