mse: 0.11023280024528503
mae: 0.24046631157398224
