mse: 0.1109285056591034
mae: 0.24073192477226257
