mse: 0.10948425531387329
mae: 0.23945918679237366
