mse: 0.11275845766067505
mae: 0.24216243624687195
