mse: 0.2403748780488968
mae: 0.3653835952281952
