mse: 0.10882651805877686
mae: 0.23984868824481964
