mse: 0.11208013445138931
mae: 0.24205918610095978
