mse: 0.11166965961456299
mae: 0.24123424291610718
