mse: 0.11128600686788559
mae: 0.24128690361976624
