mse: 0.1370229572057724
mae: 0.2707339823246002
