mse: 0.10813248157501221
mae: 0.23869997262954712
