mse: 0.18872079253196716
mae: 0.3235780596733093
