mse: 0.14328573644161224
mae: 0.27747485041618347
