mse: 0.11029966920614243
mae: 0.24050688743591309
