mse: 0.10782298445701599
mae: 0.23872773349285126
