mse: 0.19438321888446808
mae: 0.32909345626831055
