mse: 0.20460280776023865
mae: 0.34126654267311096
