mse: 0.12871067225933075
mae: 0.26077523827552795
