mse: 0.24851521849632263
mae: 0.3754790425300598
