mse: 0.12433178722858429
mae: 0.2564237117767334
