mse: 0.14213332533836365
mae: 0.27604740858078003
