mse: 0.1188315898180008
mae: 0.24951502680778503
