mse: 0.2118152230978012
mae: 0.343341201543808
