mse: 0.21513380110263824
mae: 0.3482600748538971
