mse: 0.2606334984302521
mae: 0.3851349949836731
