mse: 0.11099236458539963
mae: 0.2411596179008484
