mse: 0.10907426476478577
mae: 0.24010464549064636
