mse: 0.10904283076524734
mae: 0.2394654005765915
