mse: 0.16948020458221436
mae: 0.3053058683872223
