mse: 0.130194753408432
mae: 0.2628650963306427
