mse: 0.13501989841461182
mae: 0.268100768327713
