mse: 0.1108059361577034
mae: 0.2410701960325241
