mse: 0.21439260244369507
mae: 0.3462628424167633
