mse: 0.10892169177532196
mae: 0.2396928071975708
