mse: 0.22441385686397552
mae: 0.3557802438735962
