mse: 0.11425448209047318
mae: 0.244343101978302
