mse: 0.10980895906686783
mae: 0.24014414846897125
