mse: 0.10883886367082596
mae: 0.23993338644504547
