mse: 0.11440173536539078
mae: 0.24309991300106049
