mse: 0.1091773733496666
mae: 0.24017739295959473
