mse: 0.11027320474386215
mae: 0.24079804122447968
