mse: 0.10864695906639099
mae: 0.23921051621437073
