mse: 0.10879413783550262
mae: 0.23948724567890167
