mse: 0.1108926385641098
mae: 0.24124844372272491
