mse: 0.1477215439081192
mae: 0.28260448575019836
