mse: 0.11155488342046738
mae: 0.2412361353635788
