mse: 0.10900148749351501
mae: 0.23985320329666138
