mse: 0.11229513585567474
mae: 0.24183247983455658
