mse: 0.1208668127655983
mae: 0.2517625093460083
