mse: 0.12931694090366364
mae: 0.2621046006679535
