mse: 0.11646340787410736
mae: 0.2465251237154007
