mse: 0.14060376584529877
mae: 0.2752704620361328
