mse: 0.10994808375835419
mae: 0.24049781262874603
