mse: 0.22792796790599823
mae: 0.35862526297569275
