mse: 0.13837794959545135
mae: 0.2732081413269043
