mse: 0.1300833821296692
mae: 0.2625901997089386
