mse: 0.14374491572380066
mae: 0.2804398238658905
