mse: 0.10834286361932755
mae: 0.23937590420246124
