mse: 0.1497988998889923
mae: 0.284320205450058
