mse: 0.11053799837827682
mae: 0.24057123064994812
