mse: 0.10937968641519547
mae: 0.23957347869873047
