mse: 0.10851603746414185
mae: 0.23992887139320374
