mse: 0.11253372579813004
mae: 0.24182918667793274
