mse: 0.12197283655405045
mae: 0.25328657031059265
