mse: 0.11958427727222443
mae: 0.2504684031009674
