mse: 0.10989084094762802
mae: 0.2401876151561737
