mse: 0.12392374128103256
mae: 0.2552902400493622
