mse: 0.14699874818325043
mae: 0.2832866609096527
