mse: 0.9729706048965454
mae: 0.7064334750175476
