mse: 0.10928545147180557
mae: 0.2402189075946808
