mse: 0.13498912751674652
mae: 0.26825612783432007
