mse: 0.10841582715511322
mae: 0.23953746259212494
