mse: 0.19346420466899872
mae: 0.3286820650100708
