mse: 0.11132420599460602
mae: 0.24149982631206512
