mse: 0.1109590157866478
mae: 0.240948885679245
