mse: 0.15780529379844666
mae: 0.29421430826187134
