mse: 0.12342391908168793
mae: 0.25526824593544006
