mse: 0.10907101631164551
mae: 0.23976361751556396
