mse: 0.10826626420021057
mae: 0.2392926961183548
