mse: 0.11201352626085281
mae: 0.2418164759874344
