mse: 0.2595294713973999
mae: 0.38523250818252563
