mse: 0.11053753644227982
mae: 0.24023288488388062
