mse: 0.1084119975566864
mae: 0.23976483941078186
