mse: 0.10846707969903946
mae: 0.2391623705625534
