mse: 0.1316368281841278
mae: 0.26508259773254395
