mse: 0.10983762890100479
mae: 0.24069750308990479
