mse: 0.10870940238237381
mae: 0.23955711722373962
