mse: 0.11226362735033035
mae: 0.24157239496707916
