mse: 0.11318367719650269
mae: 0.2424810826778412
