mse: 0.10911373049020767
mae: 0.2401484251022339
