mse: 0.1380629986524582
mae: 0.27322569489479065
