mse: 0.11848524212837219
mae: 0.24867838621139526
