mse: 0.1439972221851349
mae: 0.2782561182975769
