mse: 0.22313497960567474
mae: 0.3548544943332672
