mse: 0.1083470955491066
mae: 0.23886029422283173
