mse: 0.11893711984157562
mae: 0.24945753812789917
