mse: 0.10878027230501175
mae: 0.23984171450138092
