mse: 0.11702550202608109
mae: 0.24629800021648407
