mse: 0.10879038274288177
mae: 0.2398558259010315
