mse: 0.10905662924051285
mae: 0.23986518383026123
