mse: 0.1111750602722168
mae: 0.24117805063724518
