mse: 0.12349682301282883
mae: 0.2553464472293854
