mse: 0.13651633262634277
mae: 0.27104759216308594
