mse: 0.16404013335704803
mae: 0.30234673619270325
