mse: 0.1100616455078125
mae: 0.24026408791542053
