mse: 0.11103993654251099
mae: 0.2410859912633896
