mse: 0.11331532150506973
mae: 0.24228639900684357
