mse: 0.1097671315073967
mae: 0.2404133677482605
