mse: 0.14018578827381134
mae: 0.27472230792045593
