mse: 0.10904251784086227
mae: 0.23986373841762543
