mse: 0.2399040162563324
mae: 0.37160059809684753
