mse: 0.11988434940576553
mae: 0.2503092586994171
