mse: 0.1624928116798401
mae: 0.29890578985214233
