mse: 0.11158003658056259
mae: 0.24120093882083893
