mse: 0.11031114310026169
mae: 0.24027766287326813
