mse: 0.10932761430740356
mae: 0.23990599811077118
