mse: 0.1120205745100975
mae: 0.24184276163578033
