mse: 0.10882578790187836
mae: 0.23963642120361328
