mse: 0.10885708779096603
mae: 0.23965193331241608
