mse: 0.11256799101829529
mae: 0.24183820188045502
