mse: 0.41743993759155273
nan_count: 2
mae: 0.415892630815506
nan_count: 2
