mse: 0.4170742928981781
nan_count: 2
mae: 0.4155694544315338
nan_count: 2
