mse: 0.6108734607696533
nan_count: 0
mae: 0.49572575092315674
nan_count: 0
