mse: 0.46194860339164734
mae: 0.44374728202819824
