mse: 0.6207951903343201
nan_count: 0
mae: 0.4964125454425812
nan_count: 0
