mse: 0.6078264713287354
nan_count: 0
mae: 0.48886752128601074
nan_count: 0
