mse: 0.11575035005807877
mae: 0.2550738751888275
