mse: 0.11569663882255554
mae: 0.2550400197505951
