mse: 0.116168312728405
mae: 0.25564390420913696
