mse: 0.11569900065660477
mae: 0.25503817200660706
