mse: 0.11590469628572464
mae: 0.2553175091743469
