mse: 0.1158485859632492
mae: 0.255147248506546
