mse: 0.11588167399168015
mae: 0.2552555203437805
