mse: 0.11560897529125214
mae: 0.2549201548099518
