mse: 0.11570657789707184
mae: 0.25496044754981995
