mse: 0.11584893614053726
mae: 0.25523921847343445
