mse: 0.1156553328037262
mae: 0.2549453675746918
