mse: 0.11553806066513062
mae: 0.25477227568626404
