mse: 0.11558914184570312
mae: 0.25488683581352234
