mse: 0.11553408950567245
mae: 0.25479552149772644
