mse: 0.11550594121217728
mae: 0.2547503411769867
