mse: 0.11575901508331299
mae: 0.2551341950893402
