mse: 0.11570942401885986
mae: 0.2550410032272339
