mse: 0.11553866416215897
mae: 0.2547912299633026
