mse: 0.11552895605564117
mae: 0.2547784149646759
