mse: 0.11601316183805466
mae: 0.25537773966789246
