mse: 0.11598877608776093
mae: 0.25546032190322876
