mse: 0.11592550575733185
mae: 0.2554203271865845
