mse: 0.11604277044534683
mae: 0.2554985284805298
