mse: 0.11596100777387619
mae: 0.255414217710495
