mse: 0.11590488255023956
mae: 0.2553546130657196
