mse: 0.11589427292346954
mae: 0.25531426072120667
