mse: 0.11590765416622162
mae: 0.2553515136241913
