mse: 0.11591129750013351
mae: 0.25534456968307495
