mse: 0.11569102108478546
mae: 0.25504669547080994
