mse: 0.16233041882514954
mae: 0.3026811480522156
