mse: 0.12317239493131638
mae: 0.26435527205467224
