mse: 0.16296915709972382
mae: 0.30220913887023926
