mse: 0.11643124371767044
mae: 0.2559000551700592
