mse: 0.12911489605903625
mae: 0.27147024869918823
