mse: 0.24181103706359863
mae: 0.3656671643257141
