mse: 0.11653900146484375
mae: 0.25597915053367615
