mse: 0.12124834954738617
mae: 0.2617650032043457
