mse: 0.15358133614063263
mae: 0.2962416708469391
