mse: 0.12921173870563507
mae: 0.27072182297706604
