mse: 0.11929091811180115
mae: 0.2588192820549011
