mse: 0.13632039725780487
mae: 0.2791343331336975
