mse: 0.11869010329246521
mae: 0.2585473954677582
