mse: 0.13271398842334747
mae: 0.27650561928749084
