mse: 0.25209787487983704
mae: 0.37389057874679565
