mse: 0.16542716324329376
mae: 0.30698472261428833
