mse: 0.11631007492542267
mae: 0.2556804418563843
