mse: 0.12671713531017303
mae: 0.26866209506988525
