mse: 0.11787187308073044
mae: 0.25761300325393677
