mse: 0.11760526150465012
mae: 0.2575308084487915
