mse: 0.11764699220657349
mae: 0.25781017541885376
