mse: 0.13810905814170837
mae: 0.2823607623577118
