mse: 0.26309722661972046
mae: 0.3805403411388397
