mse: 0.11746970564126968
mae: 0.25701093673706055
