mse: 0.11752565950155258
mae: 0.25692012906074524
