mse: 0.11716853827238083
mae: 0.2566038966178894
