mse: 0.11824966222047806
mae: 0.25834783911705017
