mse: 0.11812236905097961
mae: 0.25803685188293457
