mse: 0.11766770482063293
mae: 0.257313072681427
