mse: 0.11906896531581879
mae: 0.2589673697948456
