mse: 0.17942285537719727
mae: 0.31945687532424927
