mse: 0.14995306730270386
mae: 0.2950243353843689
