mse: 0.1517578661441803
mae: 0.2960266172885895
