mse: 0.13195985555648804
mae: 0.2749645411968231
