mse: 0.12179700285196304
mae: 0.26280248165130615
