mse: 0.2937498390674591
mae: 0.40069863200187683
