mse: 0.1485704779624939
mae: 0.28916695713996887
