mse: 0.16719573736190796
mae: 0.309436172246933
