mse: 0.11754664778709412
mae: 0.25733447074890137
