mse: 0.2700210511684418
mae: 0.38463738560676575
