mse: 0.1365635246038437
mae: 0.27947330474853516
