mse: 0.11663953959941864
mae: 0.25614213943481445
