mse: 0.12007652968168259
mae: 0.2605767250061035
