mse: 0.11890824139118195
mae: 0.2590942680835724
