mse: 0.1573464423418045
mae: 0.2985178828239441
