mse: 0.12111413478851318
mae: 0.26131105422973633
