mse: 0.11702936887741089
mae: 0.2563856244087219
