mse: 0.11654290556907654
mae: 0.2561499774456024
