mse: 0.15106090903282166
mae: 0.2948570251464844
