mse: 0.12371396273374557
mae: 0.2657195031642914
