mse: 0.11651121824979782
mae: 0.25597572326660156
