mse: 0.26668792963027954
mae: 0.38078877329826355
