mse: 0.1647203266620636
mae: 0.30594807863235474
