mse: 0.1396501362323761
mae: 0.2812589704990387
