mse: 0.11823613196611404
mae: 0.25816255807876587
