mse: 0.1177392229437828
mae: 0.25781920552253723
