mse: 0.12068137526512146
mae: 0.2620100677013397
