mse: 0.11801470071077347
mae: 0.2577880024909973
