mse: 0.11876560002565384
mae: 0.2586391866207123
