mse: 0.11617818474769592
mae: 0.2554946839809418
