mse: 0.11881385743618011
mae: 0.25882527232170105
