mse: 0.11741294711828232
mae: 0.2571395933628082
