mse: 0.11966398358345032
mae: 0.2596600353717804
