mse: 0.11763126403093338
mae: 0.2574636936187744
