mse: 0.2784331738948822
mae: 0.39050889015197754
