mse: 0.12743239104747772
mae: 0.26902398467063904
