mse: 0.1594972312450409
mae: 0.30312177538871765
