mse: 0.12032783776521683
mae: 0.26099666953086853
