mse: 0.11882791668176651
mae: 0.25856587290763855
