mse: 0.11606357246637344
mae: 0.2555396556854248
