mse: 0.15611815452575684
mae: 0.29820823669433594
