mse: 0.12290403991937637
mae: 0.26340630650520325
