mse: 0.12067840993404388
mae: 0.26093292236328125
