mse: 0.19685275852680206
mae: 0.3306235074996948
