mse: 0.16637130081653595
mae: 0.30654963850975037
