mse: 0.11861028522253036
mae: 0.2584979236125946
