mse: 0.13005970418453217
mae: 0.272034227848053
