mse: 0.1888502687215805
mae: 0.3261556923389435
