mse: 0.11633569002151489
mae: 0.255840539932251
