mse: 0.12263238430023193
mae: 0.2630564570426941
