mse: 0.25094640254974365
mae: 0.37273314595222473
