mse: 0.12702219188213348
mae: 0.26873376965522766
