mse: 0.18942858278751373
mae: 0.32726308703422546
