mse: 0.1158163920044899
mae: 0.25518372654914856
