mse: 0.23588590323925018
mae: 0.36170464754104614
