mse: 0.12499796599149704
mae: 0.26557767391204834
