mse: 0.17637521028518677
mae: 0.3155020773410797
