mse: 0.16240356862545013
mae: 0.3022893965244293
