mse: 0.11587372422218323
mae: 0.2552383542060852
