mse: 0.15525679290294647
mae: 0.29708150029182434
