mse: 0.1276622712612152
mae: 0.2707597315311432
