mse: 0.11611578613519669
mae: 0.2555391788482666
