mse: 0.1648212969303131
mae: 0.3047639727592468
