mse: 0.12335719913244247
mae: 0.2642766833305359
