mse: 0.14984413981437683
mae: 0.29292532801628113
