mse: 0.12159653007984161
mae: 0.2617453634738922
