mse: 0.11560526490211487
mae: 0.25497907400131226
