mse: 0.13437673449516296
mae: 0.27572646737098694
