mse: 0.19333070516586304
mae: 0.32979077100753784
