mse: 0.12035317718982697
mae: 0.2604482173919678
