mse: 0.1169760450720787
mae: 0.2564701437950134
