mse: 0.11945053935050964
mae: 0.2596033811569214
