mse: 0.12717799842357635
mae: 0.2697768807411194
