mse: 0.1500777155160904
mae: 0.29507893323898315
