mse: 0.1557272970676422
mae: 0.2978346645832062
