mse: 0.11917869746685028
mae: 0.2589808702468872
