mse: 0.17629288136959076
mae: 0.31506744027137756
