mse: 0.11599020659923553
mae: 0.25542017817497253
