mse: 0.1335948258638382
mae: 0.27583953738212585
