mse: 0.11705131828784943
mae: 0.256605327129364
