mse: 0.24309347569942474
mae: 0.3666727840900421
