mse: 0.12775370478630066
mae: 0.271205872297287
