mse: 0.12778855860233307
mae: 0.26885923743247986
