mse: 0.11887461692094803
mae: 0.259174108505249
