mse: 0.11752735078334808
mae: 0.257156640291214
