mse: 0.13985557854175568
mae: 0.28297287225723267
