mse: 0.2754349708557129
mae: 0.3894115090370178
