mse: 0.12798729538917542
mae: 0.26996520161628723
