mse: 0.12253805994987488
mae: 0.26306796073913574
