mse: 0.2890515625476837
mae: 0.39892295002937317
