mse: 0.1216442808508873
mae: 0.2617618143558502
