mse: 0.16233913600444794
mae: 0.304928183555603
