mse: 0.11676301807165146
mae: 0.2562970519065857
