mse: 0.13126538693904877
mae: 0.27374303340911865
