mse: 0.14073538780212402
mae: 0.28344571590423584
