mse: 0.6238540410995483
mae: 0.5926535129547119
