mse: 0.13373593986034393
mae: 0.2749546468257904
