mse: 0.22557687759399414
mae: 0.35532036423683167
