mse: 0.16313186287879944
mae: 0.3038790822029114
