mse: 0.24433207511901855
mae: 0.367917537689209
