mse: 0.12024617195129395
mae: 0.26038363575935364
