mse: 0.21046142280101776
mae: 0.34899696707725525
