mse: 0.1345617026090622
mae: 0.277120977640152
