mse: 0.137495756149292
mae: 0.2798119783401489
