mse: 0.30508318543434143
mae: 0.41965898871421814
