mse: 0.12040720880031586
mae: 0.2601128816604614
