mse: 0.19699272513389587
mae: 0.3335687816143036
