mse: 0.1554461121559143
mae: 0.2974587082862854
