mse: 0.135688915848732
mae: 0.2780531346797943
