mse: 0.1947687268257141
mae: 0.33460697531700134
