mse: 0.12942026555538177
mae: 0.27124565839767456
