mse: 0.1158638522028923
mae: 0.25528401136398315
