mse: 0.13263416290283203
mae: 0.2762022018432617
