mse: 0.13855913281440735
mae: 0.28062501549720764
