mse: 0.1830359697341919
mae: 0.32371610403060913
