mse: 0.12480386346578598
mae: 0.26623600721359253
