mse: 0.11813188344240189
mae: 0.2580241560935974
