mse: 0.12033529579639435
mae: 0.2608721852302551
