mse: 0.11944752186536789
mae: 0.2594403624534607
