mse: 0.16009338200092316
mae: 0.30016660690307617
