mse: 0.15871722996234894
mae: 0.3019533157348633
