mse: 0.14939862489700317
mae: 0.29183053970336914
