mse: 0.11604288220405579
mae: 0.2555101811885834
