mse: 0.11585920304059982
mae: 0.2552274167537689
