mse: 0.12736693024635315
mae: 0.2697243392467499
