mse: 0.1178114041686058
mae: 0.2575201988220215
