mse: 0.13037154078483582
mae: 0.27134960889816284
