mse: 0.1200338751077652
mae: 0.2598046064376831
