mse: 0.30319324135780334
mae: 0.406468003988266
