mse: 0.1169268861413002
mae: 0.25660133361816406
