mse: 0.22562982141971588
mae: 0.35537123680114746
