mse: 0.12106584012508392
mae: 0.2613355219364166
