mse: 0.12027093768119812
mae: 0.2607996463775635
