mse: 0.2511245012283325
mae: 0.3727809190750122
