mse: 0.1525266319513321
mae: 0.29474225640296936
