mse: 0.1754034012556076
mae: 0.31843313574790955
