mse: 0.12055029720067978
mae: 0.26178762316703796
