mse: 0.1820470094680786
mae: 0.3225603401660919
