mse: 0.20366691052913666
mae: 0.3396560549736023
