mse: 0.2536730170249939
mae: 0.3829217553138733
