mse: 0.11690974235534668
mae: 0.2566182613372803
