mse: 0.12039710581302643
mae: 0.2605903148651123
