mse: 0.14475984871387482
mae: 0.2892943024635315
