mse: 0.11772193759679794
mae: 0.25724515318870544
