mse: 0.2704240679740906
mae: 0.38485515117645264
