mse: 0.5203122496604919
mae: 0.5438618063926697
