mse: 0.1397334188222885
mae: 0.28208380937576294
