mse: 0.14215713739395142
mae: 0.2845764458179474
