mse: 0.12785270810127258
mae: 0.27090373635292053
