mse: 0.21917735040187836
mae: 0.34742632508277893
