mse: 0.14752760529518127
mae: 0.28818634152412415
