mse: 0.2178005427122116
mae: 0.34851348400115967
