mse: 0.13836665451526642
mae: 0.2827872335910797
