mse: 0.13688744604587555
mae: 0.27958589792251587
