mse: 0.11989612877368927
mae: 0.26002365350723267
