mse: 0.12042592465877533
mae: 0.26155006885528564
