mse: 0.12058120965957642
mae: 0.261559396982193
