mse: 0.15903328359127045
mae: 0.3024349808692932
