mse: 0.1421133130788803
mae: 0.2849419414997101
