mse: 0.11555617302656174
mae: 0.25480496883392334
