mse: 0.12164393812417984
mae: 0.26204004883766174
