mse: 0.19683893024921417
mae: 0.3329330384731293
