mse: 0.1612023115158081
mae: 0.30337467789649963
