mse: 0.14718171954154968
mae: 0.28860992193222046
