mse: 0.11790723353624344
mae: 0.2577751874923706
