mse: 0.24440093338489532
mae: 0.36543533205986023
