mse: 0.12083902209997177
mae: 0.26084887981414795
