mse: 0.171342670917511
mae: 0.3108057677745819
