mse: 0.11733989417552948
mae: 0.25699859857559204
