mse: 0.15177491307258606
mae: 0.2960892915725708
