mse: 0.11720041930675507
mae: 0.2567232549190521
