mse: 0.11716783791780472
mae: 0.25673022866249084
