mse: 0.11754286289215088
mae: 0.2574348449707031
