mse: 0.1444585621356964
mae: 0.28876993060112
