mse: 0.14665614068508148
mae: 0.28880059719085693
