mse: 0.14797645807266235
mae: 0.29138660430908203
