mse: 0.11847122013568878
mae: 0.2584902048110962
