mse: 0.12168765813112259
mae: 0.26229965686798096
