mse: 0.11932109296321869
mae: 0.2592623233795166
