mse: 0.1293453872203827
mae: 0.27023816108703613
