mse: 0.12380755692720413
mae: 0.266025185585022
