mse: 0.15347938239574432
mae: 0.2947595715522766
