mse: 0.11603129655122757
mae: 0.25546836853027344
