mse: 0.1933014690876007
mae: 0.32946211099624634
