mse: 0.21444609761238098
mae: 0.3510662317276001
