mse: 0.12075488269329071
mae: 0.26120418310165405
