mse: 0.16739308834075928
mae: 0.3097371757030487
