mse: 0.16787588596343994
mae: 0.3105581998825073
