mse: 0.12357096374034882
mae: 0.26567110419273376
