mse: 0.12026352435350418
mae: 0.26067104935646057
