mse: 0.12920673191547394
mae: 0.27120426297187805
