mse: 0.12465514987707138
mae: 0.265348345041275
