mse: 0.15558813512325287
mae: 0.2964625060558319
