mse: 0.31033942103385925
mae: 0.4122396409511566
