mse: 0.13466189801692963
mae: 0.27567100524902344
