mse: 0.11817487329244614
mae: 0.25826790928840637
