mse: 0.1198887750506401
mae: 0.25977692008018494
