mse: 0.21696871519088745
mae: 0.3478240668773651
