mse: 0.11594296991825104
mae: 0.25538742542266846
