mse: 0.11591105908155441
mae: 0.255288690328598
