mse: 0.12006960064172745
mae: 0.26015397906303406
