mse: 0.2400481402873993
mae: 0.3655552566051483
