mse: 0.12085447460412979
mae: 0.26131561398506165
