mse: 0.1210874617099762
mae: 0.2618158459663391
