mse: 0.11567993462085724
mae: 0.25500237941741943
