mse: 0.14901943504810333
mae: 0.2908637523651123
