mse: 0.11766500771045685
mae: 0.25734129548072815
