mse: 0.11605650931596756
mae: 0.25547340512275696
