mse: 0.2993115484714508
mae: 0.40153825283050537
