mse: 0.18230040371418
mae: 0.3228183686733246
