mse: 0.21774610877037048
mae: 0.34939059615135193
