mse: 0.16481296718120575
mae: 0.308694988489151
