mse: 0.12013711035251617
mae: 0.2604581415653229
