mse: 0.1431211233139038
mae: 0.28646963834762573
