mse: 0.12167643755674362
mae: 0.2622763514518738
