mse: 0.16389179229736328
mae: 0.30508023500442505
