mse: 0.11639172583818436
mae: 0.2559315264225006
