mse: 0.2112482637166977
mae: 0.34367284178733826
