mse: 0.1269901543855667
mae: 0.2688944637775421
