mse: 0.25271984934806824
mae: 0.3742000162601471
