mse: 0.13541997969150543
mae: 0.27862709760665894
