mse: 0.1273317188024521
mae: 0.26866522431373596
