mse: 0.11568326503038406
mae: 0.2549900412559509
