mse: 0.16164395213127136
mae: 0.3038042485713959
