mse: 0.12037409842014313
mae: 0.26119694113731384
