mse: 0.263559490442276
mae: 0.38202667236328125
