mse: 0.12789292633533478
mae: 0.27074766159057617
