mse: 0.12152073532342911
mae: 0.261444091796875
