mse: 0.12798930704593658
mae: 0.2711610794067383
