mse: 0.17712365090847015
mae: 0.31909674406051636
