mse: 0.12125750631093979
mae: 0.2618773281574249
