mse: 0.11638134717941284
mae: 0.25595688819885254
