mse: 0.20248976349830627
mae: 0.3385469317436218
