mse: 0.12144916504621506
mae: 0.26183706521987915
