mse: 0.12060680985450745
mae: 0.26191237568855286
