mse: 0.11950141936540604
mae: 0.2599363327026367
