mse: 0.14869871735572815
mae: 0.29128971695899963
