mse: 0.22633694112300873
mae: 0.3563363254070282
