mse: 0.12068120390176773
mae: 0.2618158459663391
