mse: 0.11634176224470139
mae: 0.2557947337627411
