mse: 0.12083961069583893
mae: 0.26102346181869507
