mse: 0.23664169013500214
mae: 0.36860424280166626
