mse: 0.12198102474212646
mae: 0.26236605644226074
