mse: 0.1163533627986908
mae: 0.25591081380844116
