mse: 0.244666188955307
mae: 0.367601603269577
