mse: 0.16853733360767365
mae: 0.3084714114665985
