mse: 0.23590725660324097
mae: 0.3619840145111084
