mse: 0.11576884239912033
mae: 0.255132257938385
