mse: 0.12085582315921783
mae: 0.2614328861236572
