mse: 0.262140154838562
mae: 0.3797680139541626
