mse: 0.21659626066684723
mae: 0.3475000560283661
