mse: 0.2796894609928131
mae: 0.39193058013916016
