mse: 0.13283179700374603
mae: 0.27676644921302795
