mse: 0.26537153124809265
mae: 0.3815459907054901
