mse: 0.11921218037605286
mae: 0.25879502296447754
