mse: 0.12137041985988617
mae: 0.2619889974594116
