mse: 0.1615309864282608
mae: 0.3046870231628418
