mse: 0.13715434074401855
mae: 0.2815447151660919
