mse: 0.11749465018510818
mae: 0.25730589032173157
