mse: 0.11614299565553665
mae: 0.25556182861328125
