mse: 0.11683951318264008
mae: 0.2563548684120178
