mse: 0.11775463074445724
mae: 0.25755882263183594
