mse: 0.14055870473384857
mae: 0.28310835361480713
