mse: 0.11857445538043976
mae: 0.2583792507648468
