mse: 0.11590803414583206
mae: 0.25536292791366577
