mse: 0.15134835243225098
mae: 0.29539668560028076
