mse: 0.1645900458097458
mae: 0.30806708335876465
