mse: 0.14274579286575317
mae: 0.2854367792606354
