mse: 0.1193481907248497
mae: 0.25935062766075134
