mse: 0.13621996343135834
mae: 0.2799316644668579
