mse: 0.13291457295417786
mae: 0.2768661379814148
