mse: 0.1292511373758316
mae: 0.2713419198989868
