mse: 0.17329178750514984
mae: 0.31326547265052795
