mse: 0.11963791400194168
mae: 0.25998491048812866
