mse: 0.149630606174469
mae: 0.29443100094795227
