mse: 0.11867920309305191
mae: 0.25819826126098633
