mse: 0.27787405252456665
mae: 0.39053869247436523
