mse: 0.19234426319599152
mae: 0.3284345269203186
