mse: 0.12981057167053223
mae: 0.27198854088783264
