mse: 0.21628378331661224
mae: 0.3473844826221466
