mse: 0.17801493406295776
mae: 0.31781068444252014
