mse: 0.18131877481937408
mae: 0.31867271661758423
