mse: 0.1693994700908661
mae: 0.3098515570163727
