mse: 0.13830365240573883
mae: 0.2827361226081848
