mse: 0.36536189913749695
mae: 0.458567351102829
