mse: 0.12385169416666031
mae: 0.26475849747657776
