mse: 0.14113275706768036
mae: 0.28217729926109314
