mse: 0.14419639110565186
mae: 0.2882281541824341
