mse: 0.17036481201648712
mae: 0.3113460838794708
