mse: 0.11655547469854355
mae: 0.25603634119033813
