mse: 0.12100859731435776
mae: 0.26182374358177185
