mse: 0.17333011329174042
mae: 0.3133288323879242
