mse: 0.22818604111671448
mae: 0.3557312786579132
