mse: 0.1359095573425293
mae: 0.27898797392845154
