mse: 0.1781848669052124
mae: 0.3182729184627533
