mse: 0.23717664182186127
mae: 0.3609108328819275
