mse: 0.21131180226802826
mae: 0.34241941571235657
