mse: 0.1180955097079277
mae: 0.2581356167793274
