mse: 0.11658558994531631
mae: 0.2561577558517456
