mse: 0.11761125177145004
mae: 0.25773581862449646
