mse: 0.14547665417194366
mae: 0.28730854392051697
