mse: 0.1158812940120697
mae: 0.25534167885780334
