mse: 0.13749608397483826
mae: 0.28239279985427856
