mse: 0.13754594326019287
mae: 0.28240466117858887
