mse: 0.14643968641757965
mae: 0.28751298785209656
