mse: 0.11946747452020645
mae: 0.25932371616363525
