mse: 0.11833727359771729
mae: 0.2583022713661194
