mse: 0.1657932996749878
mae: 0.3048359453678131
