mse: 0.2803875505924225
mae: 0.3923405110836029
