mse: 0.2902662456035614
mae: 0.3981587886810303
