mse: 0.1218620166182518
mae: 0.2627454102039337
