mse: 0.14769482612609863
mae: 0.2902091443538666
