mse: 0.17258870601654053
mae: 0.31205371022224426
