mse: 0.12004025280475616
mae: 0.2601761221885681
