mse: 0.20282399654388428
mae: 0.3393367826938629
