mse: 0.14157924056053162
mae: 0.28377896547317505
