mse: 0.11940374970436096
mae: 0.2594142556190491
