mse: 0.12799537181854248
mae: 0.27118995785713196
