mse: 0.20255622267723083
mae: 0.33857354521751404
