mse: 0.11628983169794083
mae: 0.25574010610580444
