mse: 0.137244313955307
mae: 0.2819192409515381
