mse: 0.1174166202545166
mae: 0.2570522427558899
