mse: 0.20321893692016602
mae: 0.33652934432029724
