mse: 0.1548062264919281
mae: 0.29491788148880005
