mse: 0.11926067620515823
mae: 0.2592655122280121
