mse: 0.1412251889705658
mae: 0.2839903235435486
