mse: 0.11860029399394989
mae: 0.2584593594074249
