mse: 0.11996567249298096
mae: 0.2599501609802246
