mse: 0.1255391538143158
mae: 0.26666682958602905
