mse: 0.12186369299888611
mae: 0.26292648911476135
