mse: 0.11557485163211823
mae: 0.254808247089386
