mse: 0.4361843466758728
mae: 0.49989625811576843
