mse: 0.11605563014745712
mae: 0.25540807843208313
