mse: 0.1219126284122467
mae: 0.26298171281814575
