mse: 0.14757217466831207
mae: 0.2906237840652466
