mse: 0.14111749827861786
mae: 0.282070517539978
