mse: 0.11869967728853226
mae: 0.2583330273628235
