mse: 0.12031357735395432
mae: 0.26035574078559875
