mse: 0.12794598937034607
mae: 0.27006253600120544
