mse: 0.11744346469640732
mae: 0.2573091685771942
