mse: 0.15669967234134674
mae: 0.29670533537864685
