mse: 0.15945814549922943
mae: 0.3031860291957855
