mse: 0.12156525999307632
mae: 0.26192381978034973
