mse: 0.15775145590305328
mae: 0.29919400811195374
