mse: 0.1169477105140686
mae: 0.2564837634563446
