mse: 0.13532690703868866
mae: 0.27645134925842285
