mse: 0.1325128972530365
mae: 0.27444034814834595
