mse: 0.16513590514659882
mae: 0.3088162839412689
