mse: 0.1468859761953354
mae: 0.2901080548763275
