mse: 0.12028844654560089
mae: 0.26095905900001526
