mse: 0.11686307191848755
mae: 0.2565745711326599
