mse: 0.12050766497850418
mae: 0.2602182924747467
