mse: 0.1156914085149765
mae: 0.2550126612186432
