mse: 0.12371882796287537
mae: 0.2659375071525574
