mse: 0.11585596203804016
mae: 0.25524091720581055
