mse: 0.22699221968650818
mae: 0.3565991520881653
