mse: 0.11576973646879196
mae: 0.2551563084125519
