mse: 0.16670814156532288
mae: 0.3071954548358917
