mse: 0.11686000227928162
mae: 0.25645577907562256
