mse: 0.13711990416049957
mae: 0.28043025732040405
