mse: 0.17291446030139923
mae: 0.31263047456741333
