mse: 0.1566685140132904
mae: 0.29866108298301697
