mse: 0.12198599427938461
mae: 0.2622992694377899
