mse: 0.15341195464134216
mae: 0.29477033019065857
