mse: 0.11722522228956223
mae: 0.2568027079105377
