mse: 0.12054456025362015
mae: 0.26169702410697937
