mse: 0.12117569893598557
mae: 0.2609603703022003
