mse: 0.12028837949037552
mae: 0.26097869873046875
