mse: 0.13157957792282104
mae: 0.2739656865596771
