mse: 0.14953072369098663
mae: 0.29162827134132385
