mse: 0.11617658287286758
mae: 0.2555653750896454
