mse: 0.11575422435998917
mae: 0.25509902834892273
