mse: 0.12008117884397507
mae: 0.25999677181243896
