mse: 0.12246289104223251
mae: 0.26280447840690613
