mse: 0.1277758628129959
mae: 0.27123916149139404
