mse: 0.1182364746928215
mae: 0.25825536251068115
