mse: 0.14930979907512665
mae: 0.29384878277778625
