mse: 0.11832914501428604
mae: 0.2581004500389099
