mse: 0.2205849438905716
mae: 0.3508082926273346
