mse: 0.15145960450172424
mae: 0.29328247904777527
