mse: 0.1254635602235794
mae: 0.26685160398483276
