mse: 0.1679777204990387
mae: 0.3104647397994995
