mse: 0.1203811839222908
mae: 0.26145321130752563
