mse: 0.12014205008745193
mae: 0.26071417331695557
