mse: 0.24065586924552917
mae: 0.36466720700263977
