mse: 0.12110872566699982
mae: 0.2619697153568268
