mse: 0.11814694851636887
mae: 0.25782400369644165
