mse: 0.11582549661397934
mae: 0.25516846776008606
