mse: 0.12088335305452347
mae: 0.26135241985321045
