mse: 0.120821014046669
mae: 0.26103848218917847
