mse: 0.12364242970943451
mae: 0.2642662227153778
