mse: 0.15437741577625275
mae: 0.29598405957221985
