mse: 0.12181507050991058
mae: 0.2625358998775482
