mse: 0.1176859587430954
mae: 0.25785985589027405
