mse: 0.12408571690320969
mae: 0.26525023579597473
