mse: 0.11806616932153702
mae: 0.2576570510864258
