mse: 0.13867883384227753
mae: 0.2804432213306427
