mse: 0.11955791711807251
mae: 0.2597954571247101
