mse: 0.12829940021038055
mae: 0.2700939476490021
