mse: 0.11990901082754135
mae: 0.2595307230949402
