mse: 0.11817030608654022
mae: 0.25791940093040466
