mse: 0.1276010125875473
mae: 0.2709124982357025
