mse: 0.1987316906452179
mae: 0.33468329906463623
