mse: 0.21156471967697144
mae: 0.3445018529891968
