mse: 0.11686041206121445
mae: 0.2565528154373169
