mse: 0.12068577110767365
mae: 0.26050516963005066
