mse: 0.2721467614173889
mae: 0.38647598028182983
