mse: 0.17191369831562042
mae: 0.3109157383441925
