mse: 0.2612166702747345
mae: 0.38705208897590637
