mse: 0.12492060661315918
mae: 0.2661707103252411
