mse: 0.11811032146215439
mae: 0.257585346698761
