mse: 0.12058749794960022
mae: 0.26121985912323
