mse: 0.27218687534332275
mae: 0.3839689791202545
