mse: 0.11914097517728806
mae: 0.2588731646537781
