mse: 0.11719337850809097
mae: 0.256790429353714
