mse: 0.11658500134944916
mae: 0.2559325098991394
