mse: 0.17719894647598267
mae: 0.31491681933403015
