mse: 0.12142333388328552
mae: 0.2622222900390625
