mse: 0.12750577926635742
mae: 0.2687625288963318
