mse: 0.14597371220588684
mae: 0.28707611560821533
