mse: 0.1203354224562645
mae: 0.2606227397918701
