mse: 0.12033619731664658
mae: 0.2606697976589203
