mse: 0.11658703535795212
mae: 0.2560857832431793
