mse: 0.11977782845497131
mae: 0.25942039489746094
