mse: 0.11589506268501282
mae: 0.25529158115386963
