mse: 0.11585233360528946
mae: 0.2552658021450043
