mse: 0.16418945789337158
mae: 0.3054164946079254
