mse: 0.13875368237495422
mae: 0.2814076840877533
