mse: 0.14474405348300934
mae: 0.2892697751522064
