mse: 0.11635063588619232
mae: 0.2559279203414917
