mse: 0.14761477708816528
mae: 0.2914961278438568
