mse: 0.13317885994911194
mae: 0.2746013104915619
