mse: 0.12228335440158844
mae: 0.2629522979259491
