mse: 0.16424721479415894
mae: 0.30759137868881226
