mse: 0.18836696445941925
mae: 0.3248211741447449
