mse: 0.1207963153719902
mae: 0.2610706388950348
