mse: 0.11778341978788376
mae: 0.25749456882476807
