mse: 0.1160336509346962
mae: 0.25543007254600525
