mse: 0.2567518949508667
mae: 0.37656477093696594
