mse: 0.11761164665222168
mae: 0.2570572793483734
