mse: 0.12163899838924408
mae: 0.26194193959236145
