mse: 0.1264980286359787
mae: 0.2686527967453003
