mse: 0.11574504524469376
mae: 0.25517937541007996
