mse: 0.12009084224700928
mae: 0.2602033317089081
