mse: 0.1174255833029747
mae: 0.2572703957557678
