mse: 0.30097925662994385
mae: 0.4043233096599579
