mse: 0.12107769399881363
mae: 0.2619447410106659
