mse: 0.12334984540939331
mae: 0.26493895053863525
