mse: 0.12606684863567352
mae: 0.2667752802371979
