mse: 0.14795491099357605
mae: 0.29167234897613525
