mse: 0.11883098632097244
mae: 0.259084552526474
