mse: 0.1257389932870865
mae: 0.266603022813797
