mse: 0.11670830845832825
mae: 0.2561178207397461
