mse: 0.11960156261920929
mae: 0.260071724653244
