mse: 0.1187102347612381
mae: 0.2581818103790283
