mse: 0.11749688535928726
mae: 0.25733187794685364
