mse: 0.11811842769384384
mae: 0.25751060247421265
