mse: 0.13496382534503937
mae: 0.27714118361473083
