mse: 0.12289007008075714
mae: 0.2641499936580658
