mse: 0.12758074700832367
mae: 0.269451379776001
