mse: 0.13805803656578064
mae: 0.2820197641849518
