mse: 0.17500407993793488
mae: 0.3136483430862427
