mse: 0.12020616978406906
mae: 0.26082149147987366
