mse: 0.15722107887268066
mae: 0.29975390434265137
