mse: 0.18262316286563873
mae: 0.32357385754585266
