mse: 0.11964915692806244
mae: 0.2601349651813507
