mse: 0.11893012374639511
mae: 0.2592071294784546
