mse: 0.11938223987817764
mae: 0.25907453894615173
