mse: 0.12673385441303253
mae: 0.26886916160583496
