mse: 1.3091179132461548
mae: 0.8000684380531311
