mse: 1.2737584114074707
mae: 0.7684285640716553
