mse: 0.45125094056129456
mae: 0.4758376479148865
