mse: 748.2673950195312
mae: 11.686074256896973
