mse: 752.5303955078125
mae: 11.883220672607422
