mse: 748.10986328125
mae: 11.685186386108398
