mse: 0.6951758861541748
mae: 0.413170725107193
