mse: 0.6617210507392883
mae: 0.4090649485588074
