mse: 0.6678916811943054
mae: 0.40969282388687134
