mse: 0.6620801091194153
mae: 0.40877765417099
