mse: 0.6380507946014404
mae: 0.4082188308238983
