mse: 0.6250877380371094
mae: 0.4126845896244049
