mse: 0.7150447964668274
mae: 0.41435810923576355
