mse: 0.6395860314369202
mae: 0.40757110714912415
