mse: 0.6381162405014038
mae: 0.4091602563858032
