mse: 0.710513710975647
mae: 0.4134836196899414
