mse: 0.6371954679489136
mae: 0.4107300937175751
