mse: 0.7030802369117737
mae: 0.4125271439552307
