mse: 0.6287149786949158
mae: 0.4107641279697418
