mse: 0.6701955199241638
mae: 0.4097576439380646
