mse: 0.7145047187805176
mae: 0.4156968593597412
