mse: 0.6848464012145996
mae: 0.41079193353652954
