mse: 0.6484490633010864
mae: 0.40795615315437317
