mse: 0.7225302457809448
mae: 0.41657063364982605
