mse: 0.6215294599533081
mae: 0.4110812246799469
