mse: 0.6419249773025513
mae: 0.41023799777030945
