mse: 0.6227184534072876
mae: 0.411991685628891
