mse: 0.6993322968482971
mae: 0.4122302830219269
