mse: 0.7001844644546509
mae: 0.4126036763191223
