mse: 0.7235540151596069
mae: 0.41656577587127686
