mse: 0.6436360478401184
mae: 0.4085078835487366
