mse: 0.7075843214988708
mae: 0.4156249761581421
