mse: 0.7113807797431946
mae: 0.41426771879196167
