mse: 0.6238378286361694
mae: 0.41164636611938477
