mse: 0.6342026591300964
mae: 0.40974166989326477
