mse: 0.6216006278991699
mae: 0.41159123182296753
