mse: 0.7151342630386353
mae: 0.4143298864364624
