mse: 0.7027732133865356
mae: 0.41282960772514343
