mse: 0.64130699634552
mae: 0.4091857373714447
