mse: 0.6529836058616638
mae: 0.4079817533493042
