mse: 0.6632013320922852
mae: 0.4088219106197357
