mse: 0.6338452100753784
mae: 0.406078964471817
