mse: 0.6292166709899902
mae: 0.4130445420742035
