mse: 0.6355642676353455
mae: 0.4094870686531067
