mse: 0.6384531259536743
mae: 0.4082757830619812
