mse: 0.713500440120697
mae: 0.4156545102596283
