mse: 0.649311900138855
mae: 0.407956063747406
