mse: 0.6244537234306335
mae: 0.4116893708705902
