mse: 0.6940948367118835
mae: 0.41189783811569214
