mse: 0.6311818361282349
mae: 0.413631409406662
