mse: 0.6319538354873657
mae: 0.41520360112190247
