mse: 0.6238483786582947
mae: 0.41241517663002014
