mse: 0.71627277135849
mae: 0.4147466719150543
