mse: 0.6593703031539917
mae: 0.40821489691734314
