mse: 0.7136088609695435
mae: 0.41419968008995056
