mse: 0.6409399509429932
mae: 0.4085429310798645
