mse: 0.6410361528396606
mae: 0.4056045711040497
