mse: 0.6338387727737427
mae: 0.40614768862724304
