mse: 0.6558834910392761
mae: 0.4087280035018921
