mse: 0.6930223107337952
mae: 0.41105836629867554
