mse: 0.7040457129478455
mae: 0.4126514494419098
