mse: 0.6423409581184387
mae: 0.4107525646686554
