mse: 0.7162110209465027
mae: 0.41591382026672363
