mse: 0.6460212469100952
mae: 0.40784361958503723
