mse: 0.7128475904464722
mae: 0.41413143277168274
