mse: 0.6738440990447998
mae: 0.412536084651947
