mse: 0.6254040598869324
mae: 0.4112817347049713
