mse: 0.6329633593559265
mae: 0.40997689962387085
