mse: 0.684563159942627
mae: 0.4109649360179901
