mse: 0.6399329900741577
mae: 0.4088922441005707
