mse: 0.7050871253013611
mae: 0.41506803035736084
