mse: 0.7126411199569702
mae: 0.41424551606178284
