mse: 0.6248328685760498
mae: 0.410999596118927
