mse: 0.6360588669776917
mae: 0.40716129541397095
