mse: 0.6579576134681702
mae: 0.40599173307418823
