mse: 0.6397611498832703
mae: 0.4090222120285034
