mse: 0.643798291683197
mae: 0.4093897044658661
