mse: 0.6812940239906311
mae: 0.410671204328537
