mse: 0.6546258330345154
mae: 0.4089478850364685
