mse: 0.7191841006278992
mae: 0.41605743765830994
