mse: 0.6343334913253784
mae: 0.40961194038391113
