mse: 0.6513984203338623
mae: 0.4082522690296173
