mse: 0.6369402408599854
mae: 0.4073654115200043
