mse: 0.7196536660194397
mae: 0.41505956649780273
