mse: 0.7224985957145691
mae: 0.4164653420448303
