mse: 0.6357144117355347
mae: 0.40950730443000793
