mse: 0.6397501826286316
mae: 0.40842291712760925
