mse: 0.6261606812477112
mae: 0.4135531187057495
