mse: 0.6887653470039368
mae: 0.40976983308792114
