mse: 0.7036128044128418
mae: 0.4124962389469147
