mse: 0.7160555124282837
mae: 0.415785551071167
