mse: 0.6927446126937866
mae: 0.41230493783950806
