mse: 0.6369428038597107
mae: 0.4090222716331482
