mse: 0.6843184232711792
mae: 0.4124677777290344
