mse: 0.6410514712333679
mae: 0.40765881538391113
