mse: 0.6698378324508667
mae: 0.408936470746994
