mse: 0.6390944719314575
mae: 0.40872085094451904
