mse: 0.6320236325263977
mae: 0.41021284461021423
