mse: 0.6365020275115967
mae: 0.4113273024559021
