mse: 0.6658264994621277
mae: 0.4066956341266632
