mse: 0.6465349793434143
mae: 0.40780264139175415
