mse: 0.7142831683158875
mae: 0.41472962498664856
