mse: 0.6913579702377319
mae: 0.4111427664756775
