mse: 0.6342697739601135
mae: 0.4099178612232208
