mse: 0.6285811066627502
mae: 0.41138777136802673
