mse: 0.639666736125946
mae: 0.4076547622680664
