mse: 0.635211706161499
mae: 0.41129055619239807
