mse: 0.7096452713012695
mae: 0.4139105975627899
