mse: 0.6867389678955078
mae: 0.41111618280410767
