mse: 0.6649370789527893
mae: 0.4090021848678589
