mse: 0.632312536239624
mae: 0.41058045625686646
