mse: 0.6334905624389648
mae: 0.40723946690559387
