mse: 0.6285690069198608
mae: 0.4134751558303833
