mse: 0.7143029570579529
mae: 0.4141805171966553
