mse: 0.6229662895202637
mae: 0.4120587408542633
