mse: 0.6320553421974182
mae: 0.4136304557323456
