mse: 0.6263536810874939
mae: 0.41079702973365784
