mse: 0.7123838067054749
mae: 0.41402968764305115
