mse: 0.6317819356918335
mae: 0.4109867513179779
