mse: 0.7158749103546143
mae: 0.41432228684425354
