mse: 0.6295610666275024
mae: 0.4110678434371948
