mse: 0.7114678025245667
mae: 0.4134288430213928
