mse: 0.7070808410644531
mae: 0.4126649796962738
