mse: 0.7123441100120544
mae: 0.41411253809928894
