mse: 0.6457098722457886
mae: 0.4078414738178253
