mse: 0.6320246458053589
mae: 0.4106331765651703
