mse: 0.6458714008331299
mae: 0.40812012553215027
