mse: 0.6298675537109375
mae: 0.41182512044906616
