mse: 0.636630117893219
mae: 0.40792110562324524
