mse: 0.7151197195053101
mae: 0.41448286175727844
