mse: 0.7241535782814026
mae: 0.4165365397930145
