mse: 0.6214563250541687
mae: 0.4139702618122101
