mse: 0.7198124527931213
mae: 0.4162970781326294
