mse: 0.6296548247337341
mae: 0.4134821891784668
