mse: 0.7156302332878113
mae: 0.41438525915145874
