mse: 0.7199676036834717
mae: 0.4163249731063843
