mse: 0.7045663595199585
mae: 0.4137725234031677
