mse: 0.662423849105835
mae: 0.40872594714164734
