mse: 0.7252536416053772
mae: 0.4166617691516876
