mse: 0.6341514587402344
mae: 0.4075808525085449
