mse: 0.6578875780105591
mae: 0.40791377425193787
