mse: 0.6237080097198486
mae: 0.4129237234592438
