mse: 0.6473819017410278
mae: 0.4083481729030609
