mse: 0.6780498027801514
mae: 0.4096970856189728
