mse: 0.6372013688087463
mae: 0.40926510095596313
