mse: 0.6641842126846313
mae: 0.4091669023036957
