mse: 0.656180739402771
mae: 0.4083004295825958
