mse: 0.6324462890625
mae: 0.41086652874946594
