mse: 0.6388713717460632
mae: 0.4085257947444916
