mse: 0.7005817890167236
mae: 0.4123699963092804
