mse: 0.6942481994628906
mae: 0.4120883047580719
