mse: 0.6390470862388611
mae: 0.405935138463974
