mse: 0.6413822770118713
mae: 0.40773725509643555
