mse: 0.7229836583137512
mae: 0.41657987236976624
