mse: 0.7034304141998291
mae: 0.41253527998924255
