mse: 0.6676103472709656
mae: 0.4095087945461273
