mse: 0.639324963092804
mae: 0.4097403883934021
