mse: 0.6560735106468201
mae: 0.4086257517337799
