mse: 0.6288352012634277
mae: 0.4143771231174469
