mse: 0.6724036335945129
mae: 0.4098496437072754
