mse: 0.6398837566375732
mae: 0.4080653488636017
