mse: 0.6730441451072693
mae: 0.4097590446472168
