mse: 0.6769254803657532
mae: 0.41241273283958435
