mse: 0.6464430093765259
mae: 0.40781939029693604
