mse: 0.7113713622093201
mae: 0.41403648257255554
