mse: 0.6425721645355225
mae: 0.40580880641937256
