mse: 0.7071123123168945
mae: 0.41372913122177124
