mse: 0.6471393704414368
mae: 0.40780600905418396
