mse: 0.634441077709198
mae: 0.4064403772354126
