mse: 0.6460153460502625
mae: 0.4079844057559967
