mse: 0.6755895614624023
mae: 0.41003888845443726
