mse: 0.6239110231399536
mae: 0.4134654998779297
