mse: 0.6928104162216187
mae: 0.412122517824173
