mse: 0.6302562952041626
mae: 0.41210290789604187
