mse: 0.7125400900840759
mae: 0.4135158658027649
