mse: 0.6429509520530701
mae: 0.4106835722923279
