mse: 0.6254472136497498
mae: 0.4122433662414551
