mse: 0.7094390392303467
mae: 0.41543304920196533
