mse: 0.28649699687957764
mae: 0.350188672542572
