mse: 0.2863854169845581
mae: 0.35009729862213135
