mse: 0.3017149269580841
mae: 0.37032395601272583
