mse: 0.28641220927238464
mae: 0.35011664032936096
