mse: 0.2869127094745636
mae: 0.3507809638977051
