mse: 0.2864479124546051
mae: 0.3501548767089844
