mse: 0.2864625155925751
mae: 0.3501577377319336
