mse: 0.28623509407043457
mae: 0.34992361068725586
