mse: 0.3147905170917511
mae: 0.38844460248947144
