mse: 0.8962867259979248
mae: 0.7358763813972473
