mse: 0.336957722902298
mae: 0.41388750076293945
