mse: 0.6349090933799744
mae: 0.6100879311561584
