mse: 0.4314954876899719
mae: 0.49214714765548706
