mse: 0.28977811336517334
mae: 0.3549017608165741
