mse: 0.29862838983535767
mae: 0.3674413561820984
