mse: 0.29020169377326965
mae: 0.35582810640335083
