mse: 0.541976809501648
mae: 0.5712974667549133
