mse: 0.29074355959892273
mae: 0.35695502161979675
