mse: 0.31379127502441406
mae: 0.38687247037887573
