mse: 0.2862943410873413
mae: 0.35007110238075256
