mse: 0.44233667850494385
mae: 0.4934610426425934
