mse: 0.28642892837524414
mae: 0.3503962755203247
