mse: 0.42502787709236145
mae: 0.48606687784194946
