mse: 0.29564139246940613
mae: 0.3632921874523163
