mse: 0.2942701280117035
mae: 0.3630991280078888
