mse: 0.2940447926521301
mae: 0.36120760440826416
