mse: 0.37951526045799255
mae: 0.4467582404613495
