mse: 0.7560797333717346
mae: 0.6714016199111938
