mse: 0.3340691030025482
mae: 0.4070942997932434
