mse: 0.2873261272907257
mae: 0.3515065312385559
