mse: 0.31900256872177124
mae: 0.39143574237823486
