mse: 0.2866133749485016
mae: 0.3505541682243347
