mse: 0.2893781065940857
mae: 0.3546503186225891
