mse: 0.865189790725708
mae: 0.7273021340370178
