mse: 0.48493847250938416
mae: 0.532389223575592
