mse: 0.4361197352409363
mae: 0.4945448935031891
