mse: 0.3804161250591278
mae: 0.4541308879852295
