mse: 0.2877614498138428
mae: 0.352448433637619
