mse: 0.29247161746025085
mae: 0.35963761806488037
