mse: 0.3545423150062561
mae: 0.42596200108528137
