mse: 0.34195637702941895
mae: 0.4173643887042999
