mse: 0.29722851514816284
mae: 0.364959180355072
