mse: 0.2894216775894165
mae: 0.3547254800796509
