mse: 0.49253275990486145
mae: 0.5261856317520142
