mse: 0.3178539276123047
mae: 0.39067092537879944
