mse: 0.5232406854629517
mae: 0.5587477684020996
