mse: 0.3649137318134308
mae: 0.4386068284511566
