mse: 0.5395745635032654
mae: 0.5552961826324463
