mse: 0.29808953404426575
mae: 0.3647559583187103
