mse: 0.30216139554977417
mae: 0.37241891026496887
