mse: 0.5548218488693237
mae: 0.5773763656616211
