mse: 0.2905098795890808
mae: 0.35586512088775635
