mse: 0.292875736951828
mae: 0.3594001829624176
