mse: 0.28937914967536926
mae: 0.3545989692211151
