mse: 0.298800528049469
mae: 0.36681923270225525
