mse: 0.5784945487976074
mae: 0.5830514430999756
