mse: 0.2949502170085907
mae: 0.3625996708869934
