mse: 0.2912948429584503
mae: 0.3568874001502991
