mse: 0.5021173357963562
mae: 0.5382053852081299
