mse: 0.36480578780174255
mae: 0.437355637550354
