mse: 0.294564425945282
mae: 0.36171746253967285
