mse: 0.38603052496910095
mae: 0.4578639268875122
