mse: 0.4443932771682739
mae: 0.4993143081665039
