mse: 0.2965163290500641
mae: 0.3629399836063385
