mse: 0.3911365568637848
mae: 0.4576343297958374
