mse: 0.353229820728302
mae: 0.42495498061180115
