mse: 0.2871483564376831
mae: 0.3513689935207367
