mse: 0.35049280524253845
mae: 0.42315977811813354
