mse: 0.2934345602989197
mae: 0.3610188066959381
