mse: 0.2893751263618469
mae: 0.35455429553985596
