mse: 0.29656997323036194
mae: 0.36467352509498596
