mse: 0.29368332028388977
mae: 0.35950472950935364
