mse: 0.3412073850631714
mae: 0.41505950689315796
