mse: 0.2980726659297943
mae: 0.3659753203392029
