mse: 0.3492518961429596
mae: 0.42232853174209595
