mse: 0.7265369296073914
mae: 0.6692677736282349
