mse: 0.2948031425476074
mae: 0.36190152168273926
