mse: 0.28690409660339355
mae: 0.3507411777973175
