mse: 0.2975078821182251
mae: 0.3664649426937103
