mse: 0.2965127229690552
mae: 0.36541998386383057
