mse: 0.3705538213253021
mae: 0.4457896649837494
