mse: 0.6657782793045044
mae: 0.6441074013710022
