mse: 0.3774023652076721
mae: 0.45039963722229004
