mse: 0.3167943060398102
mae: 0.38968029618263245
