mse: 0.5629132390022278
mae: 0.5769190788269043
