mse: 0.2969498336315155
mae: 0.3656127154827118
