mse: 0.297207236289978
mae: 0.36597275733947754
