mse: 0.38200807571411133
mae: 0.4481198787689209
