mse: 0.8086308240890503
mae: 0.7118393778800964
