mse: 0.2906692922115326
mae: 0.35652804374694824
