mse: 0.29637059569358826
mae: 0.3646407425403595
