mse: 0.313946932554245
mae: 0.38644617795944214
