mse: 0.30762797594070435
mae: 0.37946832180023193
