mse: 0.3098551034927368
mae: 0.3835047483444214
