mse: 0.29299747943878174
mae: 0.3595582842826843
