mse: 0.2914866805076599
mae: 0.35771048069000244
