mse: 0.290513813495636
mae: 0.3563518822193146
