mse: 0.2971077859401703
mae: 0.3647337555885315
