mse: 0.29677945375442505
mae: 0.36485520005226135
