mse: 0.3028739392757416
mae: 0.37431731820106506
