mse: 0.31803402304649353
mae: 0.39048105478286743
