mse: 0.340262234210968
mae: 0.41634446382522583
