mse: 0.30414673686027527
mae: 0.3738785982131958
