mse: 0.8545528054237366
mae: 0.7245592474937439
