mse: 0.3433459997177124
mae: 0.4191551208496094
