mse: 0.3196026682853699
mae: 0.39204248785972595
