mse: 0.2880878448486328
mae: 0.35271236300468445
