mse: 0.3541329801082611
mae: 0.4297197163105011
