mse: 0.666714072227478
mae: 0.6440499424934387
