mse: 0.31602686643600464
mae: 0.3892677426338196
