mse: 0.29204922914505005
mae: 0.35873228311538696
