mse: 0.42446741461753845
mae: 0.4825943410396576
