mse: 0.32579436898231506
mae: 0.40192458033561707
