mse: 0.28651192784309387
mae: 0.35046109557151794
