mse: 0.37336525321006775
mae: 0.44768816232681274
