mse: 0.28651025891304016
mae: 0.3501923382282257
