mse: 0.753736138343811
mae: 0.6902259588241577
