mse: 0.2903667092323303
mae: 0.35666605830192566
