mse: 0.5898980498313904
mae: 0.60014808177948
