mse: 0.29431816935539246
mae: 0.36142781376838684
