mse: 0.29118990898132324
mae: 0.35642433166503906
