mse: 0.4099215269088745
mae: 0.47635069489479065
