mse: 0.444887638092041
mae: 0.49882468581199646
