mse: 0.5366791486740112
mae: 0.5658128261566162
