mse: 0.30735430121421814
mae: 0.37841153144836426
