mse: 0.30621054768562317
mae: 0.3792465627193451
