mse: 0.37034186720848083
mae: 0.4410557150840759
