mse: 0.6666815876960754
mae: 0.6304291486740112
