mse: 0.28639352321624756
mae: 0.3502296507358551
