mse: 0.2990943491458893
mae: 0.367167592048645
