mse: 0.3500330150127411
mae: 0.4225541055202484
