mse: 0.34971824288368225
mae: 0.42367491126060486
