mse: 0.2884831130504608
mae: 0.3530072867870331
