mse: 0.3563217222690582
mae: 0.43195000290870667
