mse: 0.29056423902511597
mae: 0.35690048336982727
