mse: 0.7866103649139404
mae: 0.7041947245597839
