mse: 0.4271317720413208
mae: 0.4841479957103729
