mse: 0.3504387140274048
mae: 0.42711934447288513
