mse: 0.5049423575401306
mae: 0.5483484268188477
