mse: 0.2893083989620209
mae: 0.3554568886756897
