mse: 0.36993637681007385
mae: 0.44496190547943115
