mse: 0.34489136934280396
mae: 0.4196588397026062
