mse: 0.2892812192440033
mae: 0.3554723560810089
