mse: 0.7158415913581848
mae: 0.6685426831245422
