mse: 0.4540300965309143
mae: 0.5036056041717529
