mse: 0.2992611825466156
mae: 0.36742499470710754
