mse: 0.5863634347915649
mae: 0.5987451076507568
