mse: 0.3871098458766937
mae: 0.4557152986526489
