mse: 0.29513081908226013
mae: 0.36222872138023376
