mse: 0.415987491607666
mae: 0.48295432329177856
