mse: 0.3416064977645874
mae: 0.4172747731208801
