mse: 0.2904761731624603
mae: 0.3562226891517639
