mse: 0.29529306292533875
mae: 0.3624662160873413
