mse: 0.30104002356529236
mae: 0.36939355731010437
