mse: 0.29735130071640015
mae: 0.36623337864875793
