mse: 0.41658344864845276
mae: 0.47871217131614685
