mse: 0.289099782705307
mae: 0.35391560196876526
