mse: 0.2884695529937744
mae: 0.35345521569252014
