mse: 0.28692442178726196
mae: 0.35116398334503174
