mse: 0.31815168261528015
mae: 0.39261409640312195
