mse: 0.6384077072143555
mae: 0.6301507353782654
