mse: 0.411518931388855
mae: 0.48022547364234924
