mse: 0.3588489294052124
mae: 0.4336238205432892
