mse: 0.5310518145561218
mae: 0.5511565804481506
