mse: 0.30719906091690063
mae: 0.37995025515556335
