mse: 0.28628429770469666
mae: 0.3502800166606903
