mse: 0.29695069789886475
mae: 0.3644747734069824
