mse: 0.4116135239601135
mae: 0.4797418713569641
