mse: 0.459978848695755
mae: 0.5165979862213135
