mse: 0.2901042699813843
mae: 0.35625770688056946
