mse: 0.29945310950279236
mae: 0.3699331283569336
