mse: 0.2882782220840454
mae: 0.35298675298690796
