mse: 0.3726987838745117
mae: 0.44239628314971924
