mse: 0.3960215449333191
mae: 0.4615442156791687
