mse: 0.4012502431869507
mae: 0.4711579978466034
