mse: 0.2885984182357788
mae: 0.35356706380844116
