mse: 0.323395699262619
mae: 0.39573565125465393
