mse: 0.3442332446575165
mae: 0.4190990626811981
