mse: 0.3061020076274872
mae: 0.3769077956676483
