mse: 0.7139006853103638
mae: 0.6640645861625671
