mse: 0.4155592620372772
mae: 0.47537389397621155
