mse: 0.30096790194511414
mae: 0.3693801462650299
