mse: 0.3359163701534271
mae: 0.40855368971824646
