mse: 0.3949420154094696
mae: 0.46073538064956665
