mse: 0.4571411907672882
mae: 0.5052338242530823
