mse: 0.4396204650402069
mae: 0.49700242280960083
