mse: 0.2872859239578247
mae: 0.35150593519210815
