mse: 0.3063318729400635
mae: 0.3763550817966461
