mse: 0.28681766986846924
mae: 0.3506087362766266
