mse: 0.32057687640190125
mae: 0.3960123062133789
