mse: 0.7450982928276062
mae: 0.6748276352882385
