mse: 0.28654173016548157
mae: 0.3504679203033447
