mse: 0.35697656869888306
mae: 0.4291348159313202
