mse: 0.2871599793434143
mae: 0.3513328731060028
