mse: 0.2884630262851715
mae: 0.3536868095397949
