mse: 0.2950736880302429
mae: 0.36392825841903687
