mse: 0.7285143733024597
mae: 0.6683757901191711
