mse: 0.5615939497947693
mae: 0.5775485038757324
