mse: 0.300259530544281
mae: 0.3705676794052124
