mse: 0.29945364594459534
mae: 0.36798083782196045
