mse: 0.2944355010986328
mae: 0.3614111840724945
