mse: 0.5182567238807678
mae: 0.5562684535980225
