mse: 0.2973407208919525
mae: 0.3662109971046448
