mse: 0.28631773591041565
mae: 0.3501500189304352
