mse: 0.29041096568107605
mae: 0.3561684787273407
