mse: 0.3475038707256317
mae: 0.423969030380249
