mse: 0.32129067182540894
mae: 0.39412015676498413
