mse: 0.28628090023994446
mae: 0.3500014543533325
