mse: 0.2966236174106598
mae: 0.36557257175445557
