mse: 0.28815391659736633
mae: 0.3528027832508087
