mse: 0.2915010452270508
mae: 0.35760578513145447
