mse: 0.2953575849533081
mae: 0.3640957176685333
