mse: 0.313151478767395
mae: 0.38684794306755066
