mse: 0.3477028012275696
mae: 0.4215964078903198
