mse: 0.2863631546497345
mae: 0.350340873003006
