mse: 0.8467731475830078
mae: 0.7243819236755371
