mse: 0.29392680525779724
mae: 0.3627939522266388
