mse: 0.6536002159118652
mae: 0.627125084400177
