mse: 0.44721582531929016
mae: 0.49707067012786865
