mse: 0.583777666091919
mae: 0.5850660800933838
