mse: 0.3396129608154297
mae: 0.4158037602901459
