mse: 0.33930572867393494
mae: 0.4155454635620117
