mse: 0.2873120903968811
mae: 0.35150519013404846
