mse: 0.2899934649467468
mae: 0.35603928565979004
