mse: 0.29837414622306824
mae: 0.36689600348472595
