mse: 0.608502209186554
mae: 0.60924232006073
