mse: 0.2962176501750946
mae: 0.3636871576309204
