mse: 0.5733975172042847
mae: 0.5819178819656372
