mse: 0.28963857889175415
mae: 0.35532358288764954
