mse: 0.30885037779808044
mae: 0.3827868402004242
