mse: 0.32983386516571045
mae: 0.4044966995716095
