mse: 0.2865068018436432
mae: 0.3504345417022705
