mse: 0.34968677163124084
mae: 0.4226580560207367
