mse: 0.32710662484169006
mae: 0.4019623398780823
