mse: 0.2876134514808655
mae: 0.3521585166454315
