mse: 0.28628215193748474
mae: 0.35025453567504883
