mse: 0.29453355073928833
mae: 0.3615594208240509
