mse: 1.2362096309661865
mae: 0.8746562600135803
