mse: 0.29207566380500793
mae: 0.3584788143634796
