mse: 0.38233479857444763
mae: 0.45359984040260315
