mse: 0.36913955211639404
mae: 0.4403288960456848
