mse: 0.3349945843219757
mae: 0.4077789783477783
