mse: 0.3045554757118225
mae: 0.3749970495700836
