mse: 0.2863488495349884
mae: 0.35024094581604004
