mse: 0.4941844344139099
mae: 0.5339503288269043
