mse: 0.69172602891922
mae: 0.6554849743843079
