mse: 0.2871536612510681
mae: 0.35131871700286865
