mse: 0.28648632764816284
mae: 0.35018154978752136
