mse: 0.3178882896900177
mae: 0.3905274271965027
