mse: 0.30132636427879333
mae: 0.3697744309902191
