mse: 0.8274117708206177
mae: 0.7173200845718384
