mse: 0.2891455888748169
mae: 0.35433638095855713
