mse: 0.3460988700389862
mae: 0.42106494307518005
