mse: 0.2867778539657593
mae: 0.3505229949951172
