mse: 0.2871991991996765
mae: 0.35138508677482605
