mse: 0.2889050841331482
mae: 0.3540744185447693
