mse: 0.2901321351528168
mae: 0.35645368695259094
