mse: 0.2911713123321533
mae: 0.35844019055366516
