mse: 0.29606106877326965
mae: 0.36484089493751526
