mse: 0.28692734241485596
mae: 0.3511272370815277
