mse: 0.2934238910675049
mae: 0.3605887293815613
