mse: 0.2979753315448761
mae: 0.36581653356552124
