mse: 0.3010755777359009
mae: 0.37236079573631287
