mse: 0.2883266806602478
mae: 0.35306644439697266
