mse: 0.3170398473739624
mae: 0.3914206027984619
