mse: 0.4370596706867218
mae: 0.5000585913658142
