mse: 0.33346688747406006
mae: 0.40645721554756165
