mse: 0.29348182678222656
mae: 0.36024972796440125
