mse: 0.4047715961933136
mae: 0.4720361530780792
