mse: 0.3981267213821411
mae: 0.4625447690486908
