mse: 0.2906053960323334
mae: 0.35643109679222107
