mse: 0.36209625005722046
mae: 0.43590793013572693
