mse: 0.2862487733364105
mae: 0.35008713603019714
