mse: 0.39211004972457886
mae: 0.4588346481323242
