mse: 0.42202916741371155
mae: 0.48665714263916016
