mse: 0.28657931089401245
mae: 0.350517600774765
