mse: 0.3948874771595001
mae: 0.4671897292137146
