mse: 0.48918840289115906
mae: 0.5328742861747742
