mse: 0.29434332251548767
mae: 0.3620671331882477
