mse: 0.3169110119342804
mae: 0.38984084129333496
