mse: 0.8167791366577148
mae: 0.7193965911865234
