mse: 0.39167869091033936
mae: 0.4590824246406555
