mse: 0.2864954173564911
mae: 0.35029715299606323
