mse: 0.35954833030700684
mae: 0.4363466203212738
