mse: 0.2865712642669678
mae: 0.35051459074020386
