mse: 0.35462716221809387
mae: 0.42549195885658264
