mse: 0.41409581899642944
mae: 0.47269582748413086
