mse: 0.43648761510849
mae: 0.4965846538543701
