mse: 0.4432445168495178
mae: 0.4982006251811981
