mse: 0.29816997051239014
mae: 0.36621785163879395
