mse: 0.29066452383995056
mae: 0.35703355073928833
