mse: 0.3282025158405304
mae: 0.4024186134338379
