mse: 0.29196783900260925
mae: 0.3583405911922455
