mse: 0.2896934449672699
mae: 0.35539495944976807
