mse: 0.4285847544670105
mae: 0.491835355758667
