mse: 0.7564186453819275
mae: 0.6918390393257141
