mse: 0.7521186470985413
mae: 0.6755773425102234
