mse: 0.2872181534767151
mae: 0.35142651200294495
