mse: 0.2916916310787201
mae: 0.3579537272453308
