mse: 0.295829713344574
mae: 0.36334607005119324
