mse: 0.2865601181983948
mae: 0.3505042791366577
