mse: 0.3070068359375
mae: 0.3779848515987396
