mse: 0.3131839632987976
mae: 0.38688206672668457
