mse: 0.4651709496974945
mae: 0.5195776224136353
