mse: 0.293432354927063
mae: 0.36010292172431946
