mse: 0.305280476808548
mae: 0.37632763385772705
