mse: 0.32867199182510376
mae: 0.40322446823120117
