mse: 0.29505664110183716
mae: 0.36270076036453247
