mse: 0.4456174373626709
mae: 0.49882957339286804
