mse: 0.35224223136901855
mae: 0.42869412899017334
