mse: 0.2882736623287201
mae: 0.3530137240886688
