mse: 0.2939516007900238
mae: 0.3602604269981384
