mse: 0.3959554135799408
mae: 0.46647483110427856
