mse: 0.3909705877304077
mae: 0.4584372639656067
