mse: 0.6389235258102417
mae: 0.6222862005233765
