mse: 0.4298028349876404
mae: 0.49138084053993225
