mse: 0.2861786186695099
mae: 0.34992143511772156
