mse: 0.29668161273002625
mae: 0.3654897212982178
