mse: 0.6287491917610168
mae: 0.6179046630859375
