mse: 0.28653332591056824
mae: 0.3503442406654358
