mse: 0.3059046268463135
mae: 0.37687939405441284
