mse: 0.36590391397476196
mae: 0.4420008063316345
