mse: 0.38617923855781555
mae: 0.4570538401603699
