mse: 0.3930041790008545
mae: 0.45944440364837646
