mse: 0.3669836223125458
mae: 0.4391474425792694
