mse: 0.2974739372730255
mae: 0.3653497099876404
