mse: 0.3330502510070801
mae: 0.4095264673233032
