mse: 0.2897874712944031
mae: 0.35486188530921936
