mse: 0.3472672700881958
mae: 0.4206750988960266
