mse: 0.29401397705078125
mae: 0.3608168661594391
