mse: 0.28703513741493225
mae: 0.351239949464798
