mse: 0.29944074153900146
mae: 0.36764657497406006
