mse: 0.29565784335136414
mae: 0.36426645517349243
