mse: 0.2921481132507324
mae: 0.35797402262687683
