mse: 0.2968618869781494
mae: 0.3644491732120514
