mse: 0.29358065128326416
mae: 0.36041468381881714
