mse: 0.4611656665802002
mae: 0.5118918418884277
