mse: 0.29938656091690063
mae: 0.3679221272468567
