mse: 0.2947586476802826
mae: 0.3637523949146271
