mse: 0.7187825441360474
mae: 0.6739778518676758
