mse: 0.45228418707847595
mae: 0.49972960352897644
