mse: 0.2902378737926483
mae: 0.35594016313552856
