mse: 0.2895562946796417
mae: 0.3554336130619049
