mse: 0.28694865107536316
mae: 0.3510068953037262
