mse: 0.3015555143356323
mae: 0.37011003494262695
