mse: 0.29257258772850037
mae: 0.3592299818992615
