mse: 0.3835482597351074
mae: 0.4543112516403198
