mse: 0.2908962368965149
mae: 0.35742008686065674
