mse: 0.2961219549179077
mae: 0.3649815618991852
