mse: 0.39921167492866516
mae: 0.46851539611816406
