mse: 0.375140517950058
mae: 0.4488772749900818
