mse: 0.44869616627693176
mae: 0.5005382299423218
