mse: 0.2895214259624481
mae: 0.35492807626724243
