mse: 0.28697532415390015
mae: 0.35106924176216125
