mse: 0.5518285632133484
mae: 0.5756672024726868
