mse: 0.4169229567050934
mae: 0.4782806634902954
