mse: 0.29315152764320374
mae: 0.35981667041778564
