mse: 0.35209545493125916
mae: 0.42423343658447266
