mse: 0.2892637848854065
mae: 0.3544694483280182
