mse: 0.3144873082637787
mae: 0.3877331614494324
