mse: 0.3814489543437958
mae: 0.45478513836860657
