mse: 0.2960485816001892
mae: 0.3635033071041107
