mse: 0.4161415994167328
mae: 0.48316845297813416
