mse: 0.2950563132762909
mae: 0.3621917963027954
