mse: 0.3001353442668915
mae: 0.3706982731819153
