mse: 0.2900678813457489
mae: 0.35612979531288147
