mse: 0.3156999349594116
mae: 0.3890601694583893
