mse: 0.3005100190639496
mae: 0.368945837020874
