mse: 0.7606654763221741
mae: 0.6779947280883789
