mse: 0.2861456573009491
mae: 0.34993061423301697
