mse: 0.2936738133430481
mae: 0.3605636656284332
