mse: 0.30999302864074707
mae: 0.38417860865592957
