mse: 0.2901352047920227
mae: 0.355034738779068
