mse: 0.2890854477882385
mae: 0.3536771237850189
