mse: 0.4759991765022278
mae: 0.5258764028549194
