mse: 0.8296427130699158
mae: 0.7203859686851501
