mse: 0.5062764883041382
mae: 0.5394185185432434
