mse: 0.2864030599594116
mae: 0.35022473335266113
