mse: 0.2914544939994812
mae: 0.35752245783805847
