mse: 0.28908616304397583
mae: 0.3542209267616272
