mse: 0.31668928265571594
mae: 0.3897535800933838
