mse: 0.2864771783351898
mae: 0.3503040373325348
