mse: 0.4934323728084564
mae: 0.5346443057060242
