mse: 0.4001826345920563
mae: 0.46388930082321167
