mse: 0.32798388600349426
mae: 0.40363553166389465
