mse: 0.2956118583679199
mae: 0.364362508058548
