mse: 0.33188310265541077
mae: 0.40486183762550354
