mse: 0.297485888004303
mae: 0.3655707538127899
