mse: 0.29642537236213684
mae: 0.36513569951057434
