mse: 0.28653430938720703
mae: 0.3503282070159912
