mse: 0.29861050844192505
mae: 0.36715856194496155
