mse: 0.3112555146217346
mae: 0.3850570619106293
