mse: 0.2863631546497345
mae: 0.3500840365886688
