mse: 0.29193466901779175
mae: 0.35821855068206787
