mse: 0.2965030074119568
mae: 0.36407679319381714
