mse: 0.28785690665245056
mae: 0.3521314561367035
