mse: 0.3190567195415497
mae: 0.39184677600860596
