mse: 0.29352661967277527
mae: 0.3606793284416199
