mse: 0.38678178191185
mae: 0.4560682475566864
