mse: 0.6056942939758301
mae: 0.6098363399505615
