mse: 0.38862547278404236
mae: 0.45753103494644165
