mse: 0.30669254064559937
mae: 0.3775836229324341
