mse: 0.2899298369884491
mae: 0.3556213974952698
