mse: 0.42270636558532715
mae: 0.4869985580444336
