mse: 0.2863764762878418
mae: 0.3501909077167511
