mse: 0.30385735630989075
mae: 0.37489989399909973
