mse: 0.2877664566040039
mae: 0.35227444767951965
