mse: 0.2941405177116394
mae: 0.362916499376297
