mse: 0.39280977845191956
mae: 0.46106842160224915
