mse: 0.29241839051246643
mae: 0.3579539656639099
