mse: 0.30127301812171936
mae: 0.370572030544281
