mse: 0.3445870578289032
mae: 0.4175488352775574
