mse: 0.2939292788505554
mae: 0.36290842294692993
