mse: 0.29209473729133606
mae: 0.35874810814857483
