mse: 0.29577600955963135
mae: 0.36468029022216797
