mse: 0.35170525312423706
mae: 0.4241154193878174
