mse: 0.6124752759933472
mae: 0.6115521192550659
