mse: 0.369863897562027
mae: 0.44024139642715454
