mse: 0.3743281066417694
mae: 0.4432702362537384
