mse: 0.5032418370246887
mae: 0.544811487197876
