mse: 0.3002241551876068
mae: 0.36870887875556946
