mse: 0.3327196538448334
mae: 0.40775585174560547
