mse: 0.29337453842163086
mae: 0.3600596785545349
