mse: 0.29174932837486267
mae: 0.35801130533218384
