mse: 0.28967714309692383
mae: 0.3558473289012909
