mse: 0.28809475898742676
mae: 0.35236406326293945
