mse: 0.2929876744747162
mae: 0.3596744239330292
