mse: 0.28650352358818054
mae: 0.3503105938434601
