mse: 0.28643500804901123
mae: 0.35026147961616516
