mse: 0.2877669334411621
mae: 0.35249170660972595
