mse: 0.29374513030052185
mae: 0.36059728264808655
