mse: 0.5451642274856567
mae: 0.5657169222831726
