mse: 0.28734347224235535
mae: 0.35155630111694336
