mse: 0.2972627878189087
mae: 0.36638903617858887
