mse: 0.33072713017463684
mae: 0.4078887403011322
