mse: 0.28732943534851074
mae: 0.3513264060020447
