mse: 0.2902815043926239
mae: 0.3560034930706024
