mse: 0.28639739751815796
mae: 0.3502216339111328
