mse: 0.29298728704452515
mae: 0.35907885432243347
