mse: 0.3144226372241974
mae: 0.385733425617218
