mse: 0.29038912057876587
mae: 0.35659873485565186
