mse: 0.29049286246299744
mae: 0.3566707372665405
