mse: 0.31191742420196533
mae: 0.3860088586807251
