mse: 0.5011720061302185
mae: 0.5383990406990051
