mse: 0.2881007194519043
mae: 0.3527306318283081
