mse: 0.3694949150085449
mae: 0.4404681622982025
