mse: 0.28865739703178406
mae: 0.35388192534446716
