mse: 0.2911713123321533
mae: 0.3573569357395172
