mse: 0.2881473898887634
mae: 0.3528216779232025
