mse: 0.3325331509113312
mae: 0.40576356649398804
