mse: 0.3896885812282562
mae: 0.4619835913181305
