mse: 0.3001219928264618
mae: 0.36843711137771606
