mse: 0.5675522089004517
mae: 0.5882624387741089
