mse: 0.29537433385849
mae: 0.3626590967178345
