mse: 0.2905285060405731
mae: 0.35677289962768555
