mse: 0.4853871762752533
mae: 0.5343671441078186
