mse: 0.4218409061431885
mae: 0.48145684599876404
