mse: 0.5103634595870972
mae: 0.5412330627441406
