mse: 0.45169517397880554
mae: 0.5030148029327393
