mse: 0.28914564847946167
mae: 0.35490143299102783
