mse: 0.2864460349082947
mae: 0.35042017698287964
