mse: 0.29694628715515137
mae: 0.36585211753845215
