mse: 0.2950345277786255
mae: 0.36119115352630615
