mse: 0.2916216254234314
mae: 0.35782647132873535
