mse: 0.2891426086425781
mae: 0.3543059527873993
