mse: 0.3206603527069092
mae: 0.3945519030094147
