mse: 0.41818752884864807
mae: 0.48413702845573425
