mse: 0.28829848766326904
mae: 0.35297492146492004
