mse: 0.2882223427295685
mae: 0.35290029644966125
