mse: 0.2863456904888153
mae: 0.3500736355781555
