mse: 0.2973773777484894
mae: 0.36516353487968445
