mse: 0.3183945119380951
mae: 0.3912476897239685
