mse: 0.3154826760292053
mae: 0.388558566570282
