mse: 0.2861993610858917
mae: 0.350080281496048
