mse: 0.2931585907936096
mae: 0.361289381980896
