mse: 0.28794801235198975
mae: 0.3526254892349243
