mse: 0.45068955421447754
mae: 0.5106827020645142
