mse: 0.2870136797428131
mae: 0.35131242871284485
