mse: 0.3310021460056305
mae: 0.4050309658050537
