mse: 0.29845795035362244
mae: 0.36645156145095825
