mse: 0.456857830286026
mae: 0.5131815075874329
