mse: 0.2999466061592102
mae: 0.3682229816913605
