mse: 0.2918510437011719
mae: 0.35807472467422485
