mse: 0.2934439778327942
mae: 0.3614678680896759
