mse: 0.33415359258651733
mae: 0.4114193618297577
