mse: 0.38127368688583374
mae: 0.4538787305355072
