mse: 0.31411752104759216
mae: 0.3876572847366333
