mse: 0.30160200595855713
mae: 0.3730396330356598
