mse: 0.3046712279319763
mae: 0.3758717179298401
