mse: 0.3635549247264862
mae: 0.43909952044487
