mse: 0.36920639872550964
mae: 0.4434663951396942
