mse: 0.32024842500686646
mae: 0.3926277756690979
