mse: 0.4371729791164398
mae: 0.494459331035614
