mse: 0.3324028551578522
mae: 0.40589141845703125
