mse: 1.056562066078186
mae: 0.8040269017219543
