mse: 0.6265057921409607
mae: 0.619878351688385
