mse: 0.28865107893943787
mae: 0.353832870721817
