mse: 0.28629451990127563
mae: 0.35003742575645447
