mse: 0.32541346549987793
mae: 0.4008077383041382
