mse: 0.2929782271385193
mae: 0.3596470355987549
