mse: 0.289058119058609
mae: 0.35418689250946045
