mse: 0.346880704164505
mae: 0.4207707643508911
