mse: 0.30622047185897827
mae: 0.3782620131969452
