mse: 0.29012346267700195
mae: 0.355750173330307
