mse: 0.6769846677780151
mae: 0.6499773859977722
