mse: 0.2908363938331604
mae: 0.35698091983795166
