mse: 0.29707878828048706
mae: 0.3661045730113983
