mse: 0.29624229669570923
mae: 0.3638635277748108
