mse: 0.4127710163593292
mae: 0.4768933951854706
