mse: 0.6410548686981201
mae: 0.6219329237937927
