mse: 0.2862466871738434
mae: 0.34991827607154846
