mse: 0.2968003749847412
mae: 0.36554092168807983
