mse: 0.4042585790157318
mae: 0.4750552773475647
