mse: 0.32298940420150757
mae: 0.39855828881263733
