mse: 0.2989048361778259
mae: 0.3668607473373413
