mse: 0.3760734498500824
mae: 0.4444757401943207
