mse: 0.2902138829231262
mae: 0.3563928008079529
