mse: 0.3362584114074707
mae: 0.41036534309387207
