mse: 0.3781049847602844
mae: 0.4507799744606018
