mse: 0.2905440032482147
mae: 0.3563157320022583
