mse: 0.5537914037704468
mae: 0.5740470886230469
