mse: 0.30437490344047546
mae: 0.3754118084907532
