mse: 0.2871685028076172
mae: 0.35111138224601746
