mse: 0.3314547836780548
mae: 0.4048505127429962
