mse: 0.2958950996398926
mae: 0.3645176887512207
