mse: 0.3366549015045166
mae: 0.413287878036499
