mse: 0.6597859263420105
mae: 0.6281827688217163
