mse: 0.2954624593257904
mae: 0.36280587315559387
