mse: 1.9430230855941772
nan_count: 0
mae: 0.8958785533905029
nan_count: 0
