mse: 1.9085514545440674
nan_count: 0
mae: 0.8883355855941772
nan_count: 0
