mse: 1.9725311994552612
nan_count: 0
mae: 0.9046721458435059
nan_count: 0
