mse: 1.9161088466644287
nan_count: 0
mae: 0.8903140425682068
nan_count: 0
