mse: 1.9054795503616333
nan_count: 0
mae: 0.8864567279815674
nan_count: 0
