mse: 2.0508196353912354
nan_count: 0
mae: 0.9279232621192932
nan_count: 0
