mse: 1.981978178024292
nan_count: 0
mae: 0.9100797176361084
nan_count: 0
