mse: 1.9103119373321533
nan_count: 0
mae: 0.888958752155304
nan_count: 0
