mse: 1.9259992837905884
nan_count: 0
mae: 0.8935458660125732
nan_count: 0
