mse: 1.959879994392395
nan_count: 0
mae: 0.9027149677276611
nan_count: 0
