mse: 2.0177175998687744
nan_count: 0
mae: 0.9205224514007568
nan_count: 0
