mse: 1.9138102531433105
nan_count: 0
mae: 0.890348494052887
nan_count: 0
