mse: 1.9046963453292847
nan_count: 0
mae: 0.8872573375701904
nan_count: 0
