mse: 1.90519380569458
nan_count: 0
mae: 0.8869383335113525
nan_count: 0
