mse: 1.9169025421142578
nan_count: 0
mae: 0.8902301788330078
nan_count: 0
