mse: 1.9084001779556274
nan_count: 0
mae: 0.888247549533844
nan_count: 0
