mse: 1.9054970741271973
nan_count: 0
mae: 0.8876601457595825
nan_count: 0
