mse: 1.9090644121170044
nan_count: 0
mae: 0.8881743550300598
nan_count: 0
