mse: 1.9139232635498047
nan_count: 0
mae: 0.8900355696678162
nan_count: 0
