mse: 2.015038013458252
nan_count: 0
mae: 0.9205020070075989
nan_count: 0
