mse: 1.9193975925445557
nan_count: 0
mae: 0.8910683989524841
nan_count: 0
