mse: 1.918423056602478
nan_count: 0
mae: 0.8909102082252502
nan_count: 0
