mse: 2.1213908195495605
nan_count: 0
mae: 0.9511365294456482
nan_count: 0
