mse: 2.097529888153076
nan_count: 0
mae: 0.9436622262001038
nan_count: 0
