mse: 1.9041017293930054
nan_count: 0
mae: 0.8867400884628296
nan_count: 0
