mse: 1.9065498113632202
nan_count: 0
mae: 0.8879581093788147
nan_count: 0
