mse: 1.9174339771270752
nan_count: 0
mae: 0.891094446182251
nan_count: 0
