mse: 1.9552971124649048
nan_count: 0
mae: 0.9014760851860046
nan_count: 0
