mse: 2.217663049697876
nan_count: 0
mae: 0.9825515747070312
nan_count: 0
