mse: 2.154693365097046
nan_count: 0
mae: 0.9623225331306458
nan_count: 0
