mse: 1.9554669857025146
nan_count: 0
mae: 0.9015284180641174
nan_count: 0
