mse: 2.0822947025299072
nan_count: 0
mae: 0.9353505969047546
nan_count: 0
