mse: 2.055849552154541
nan_count: 0
mae: 0.9266473054885864
nan_count: 0
