mse: 1.915622591972351
nan_count: 0
mae: 0.8908015489578247
nan_count: 0
