mse: 1.9093273878097534
nan_count: 0
mae: 0.8889304399490356
nan_count: 0
