mse: 1.906348466873169
nan_count: 0
mae: 0.887615442276001
nan_count: 0
