mse: 2.006398916244507
nan_count: 0
mae: 0.9202094674110413
nan_count: 0
