mse: 1.9520045518875122
nan_count: 0
mae: 0.9009348750114441
nan_count: 0
