mse: 1.9194175004959106
nan_count: 0
mae: 0.8905810117721558
nan_count: 0
