mse: 1.9120944738388062
nan_count: 0
mae: 0.8899036645889282
nan_count: 0
