mse: 2.2574682235717773
nan_count: 0
mae: 0.9923801422119141
nan_count: 0
