mse: 1.9122554063796997
nan_count: 0
mae: 0.8898990750312805
nan_count: 0
