mse: 1.9157235622406006
nan_count: 0
mae: 0.8896822333335876
nan_count: 0
