mse: 1.911098837852478
nan_count: 0
mae: 0.8893319368362427
nan_count: 0
