mse: 1.9823886156082153
nan_count: 0
mae: 0.9062442183494568
nan_count: 0
