mse: 1.997979760169983
nan_count: 0
mae: 0.9133309721946716
nan_count: 0
