mse: 1.9135240316390991
nan_count: 0
mae: 0.8904150128364563
nan_count: 0
