mse: 1.9283268451690674
nan_count: 0
mae: 0.89296954870224
nan_count: 0
