mse: 1.913392424583435
nan_count: 0
mae: 0.8899540305137634
nan_count: 0
