mse: 1.9027936458587646
nan_count: 0
mae: 0.8858400583267212
nan_count: 0
