mse: 1.9581366777420044
nan_count: 0
mae: 0.9017677903175354
nan_count: 0
