mse: 2.177009105682373
nan_count: 0
mae: 0.9700718522071838
nan_count: 0
