mse: 2.063952684402466
nan_count: 0
mae: 0.9284253120422363
nan_count: 0
