mse: 1.9250696897506714
nan_count: 0
mae: 0.8911523818969727
nan_count: 0
