mse: 1.9765934944152832
nan_count: 0
mae: 0.9034225344657898
nan_count: 0
