mse: 1.9191679954528809
nan_count: 0
mae: 0.890791654586792
nan_count: 0
