mse: 1.9081209897994995
nan_count: 0
mae: 0.8877948522567749
nan_count: 0
