mse: 1.9441114664077759
nan_count: 0
mae: 0.89542555809021
nan_count: 0
