mse: 2.1393911838531494
nan_count: 0
mae: 0.9545552134513855
nan_count: 0
