mse: 1.9032655954360962
nan_count: 0
mae: 0.8868533968925476
nan_count: 0
