mse: 1.9045767784118652
nan_count: 0
mae: 0.8867601752281189
nan_count: 0
