mse: 1.9203039407730103
nan_count: 0
mae: 0.8912822604179382
nan_count: 0
