mse: 1.9107507467269897
nan_count: 0
mae: 0.8893611431121826
nan_count: 0
