mse: 1.9072743654251099
nan_count: 0
mae: 0.8877646327018738
nan_count: 0
