mse: 1.9851672649383545
nan_count: 0
mae: 0.9091089963912964
nan_count: 0
