mse: 1.9108412265777588
nan_count: 0
mae: 0.8893795609474182
nan_count: 0
