mse: 1.912189245223999
nan_count: 0
mae: 0.8898804783821106
nan_count: 0
