mse: 2.1484885215759277
nan_count: 0
mae: 0.9569586515426636
nan_count: 0
