mse: 1.9046374559402466
nan_count: 0
mae: 0.8871484994888306
nan_count: 0
