mse: 1.9126428365707397
nan_count: 0
mae: 0.8898053169250488
nan_count: 0
