mse: 1.9455182552337646
nan_count: 0
mae: 0.8980242013931274
nan_count: 0
