mse: 2.226810932159424
nan_count: 0
mae: 0.9844399094581604
nan_count: 0
