mse: 2.0335049629211426
nan_count: 0
mae: 0.9239157438278198
nan_count: 0
