mse: 2.2134268283843994
nan_count: 0
mae: 0.9770962595939636
nan_count: 0
