mse: 1.905943512916565
nan_count: 0
mae: 0.88742595911026
nan_count: 0
