mse: 1.9602242708206177
nan_count: 0
mae: 0.902747631072998
nan_count: 0
