mse: 1.8983070850372314
nan_count: 0
mae: 0.8855482339859009
nan_count: 0
