mse: 1.9891568422317505
nan_count: 0
mae: 0.9107348322868347
nan_count: 0
