mse: 1.9308154582977295
nan_count: 0
mae: 0.8928329348564148
nan_count: 0
