mse: 1.9129302501678467
nan_count: 0
mae: 0.8898547887802124
nan_count: 0
