mse: 2.2278499603271484
nan_count: 0
mae: 0.9836503267288208
nan_count: 0
