mse: 1.917746901512146
nan_count: 0
mae: 0.8898807764053345
nan_count: 0
