mse: 1.9654194116592407
nan_count: 0
mae: 0.9034703969955444
nan_count: 0
