mse: 2.0949018001556396
nan_count: 0
mae: 0.9484443664550781
nan_count: 0
