mse: 1.9053890705108643
nan_count: 0
mae: 0.8872446417808533
nan_count: 0
