mse: 1.9112482070922852
nan_count: 0
mae: 0.8892284631729126
nan_count: 0
