mse: 1.952638030052185
nan_count: 0
mae: 0.8985313773155212
nan_count: 0
