mse: 2.1501078605651855
nan_count: 0
mae: 0.9577367901802063
nan_count: 0
