mse: 1.978975534439087
nan_count: 0
mae: 0.9077130556106567
nan_count: 0
