mse: 1.918196201324463
nan_count: 0
mae: 0.8904512524604797
nan_count: 0
