mse: 1.9315252304077148
nan_count: 0
mae: 0.8949960470199585
nan_count: 0
