mse: 2.275944471359253
nan_count: 0
mae: 0.9959580302238464
nan_count: 0
