mse: 1.9136453866958618
nan_count: 0
mae: 0.8903908729553223
nan_count: 0
