mse: 1.953265905380249
nan_count: 0
mae: 0.900944709777832
nan_count: 0
