mse: 1.9136362075805664
nan_count: 0
mae: 0.8904038667678833
nan_count: 0
