mse: 1.9977483749389648
nan_count: 0
mae: 0.9150405526161194
nan_count: 0
