mse: 1.9545941352844238
nan_count: 0
mae: 0.9003426432609558
nan_count: 0
