mse: 2.056121826171875
nan_count: 0
mae: 0.9333481788635254
nan_count: 0
