mse: 1.915461778640747
nan_count: 0
mae: 0.8897969126701355
nan_count: 0
