mse: 2.158938407897949
nan_count: 0
mae: 0.9653754830360413
nan_count: 0
