mse: 2.096844434738159
nan_count: 0
mae: 0.9398730397224426
nan_count: 0
