mse: 1.9123520851135254
nan_count: 0
mae: 0.8901287913322449
nan_count: 0
