mse: 1.9147741794586182
nan_count: 0
mae: 0.8899950981140137
nan_count: 0
