mse: 1.9252039194107056
nan_count: 0
mae: 0.8916623592376709
nan_count: 0
