mse: 1.9360748529434204
nan_count: 0
mae: 0.8963293433189392
nan_count: 0
