mse: 2.2068123817443848
nan_count: 0
mae: 0.9750136733055115
nan_count: 0
