mse: 1.9144947528839111
nan_count: 0
mae: 0.8904931545257568
nan_count: 0
