mse: 1.9111833572387695
nan_count: 0
mae: 0.889205813407898
nan_count: 0
