mse: 1.9121513366699219
nan_count: 0
mae: 0.8898287415504456
nan_count: 0
