mse: 1.9243000745773315
nan_count: 0
mae: 0.8926982879638672
nan_count: 0
