mse: 1.9994407892227173
nan_count: 0
mae: 0.9100739359855652
nan_count: 0
