mse: 1.909305453300476
nan_count: 0
mae: 0.8885279893875122
nan_count: 0
