mse: 1.9145511388778687
nan_count: 0
mae: 0.8904922604560852
nan_count: 0
