mse: 1.9095079898834229
nan_count: 0
mae: 0.8888970017433167
nan_count: 0
