mse: 2.2161753177642822
nan_count: 0
mae: 0.9792430400848389
nan_count: 0
