mse: 1.9289281368255615
nan_count: 0
mae: 0.894422173500061
nan_count: 0
