mse: 1.9140433073043823
nan_count: 0
mae: 0.8905506730079651
nan_count: 0
