mse: 2.1065549850463867
nan_count: 0
mae: 0.9486480355262756
nan_count: 0
