mse: 2.052083969116211
nan_count: 0
mae: 0.9264158606529236
nan_count: 0
