mse: 1.917550802230835
nan_count: 0
mae: 0.8905423879623413
nan_count: 0
