mse: 1.9146548509597778
nan_count: 0
mae: 0.8895319104194641
nan_count: 0
