mse: 1.9137526750564575
nan_count: 0
mae: 0.8903992772102356
nan_count: 0
