mse: 1.931583046913147
nan_count: 0
mae: 0.8926682472229004
nan_count: 0
