mse: 1.9015629291534424
nan_count: 0
mae: 0.885945737361908
nan_count: 0
