mse: 1.9048693180084229
nan_count: 0
mae: 0.887390673160553
nan_count: 0
