mse: 1.9871498346328735
nan_count: 0
mae: 0.9087172150611877
nan_count: 0
