mse: 2.0123131275177
nan_count: 0
mae: 0.9155471324920654
nan_count: 0
