mse: 1.933968424797058
nan_count: 0
mae: 0.8939670324325562
nan_count: 0
