mse: 1.913946270942688
nan_count: 0
mae: 0.8903758525848389
nan_count: 0
