mse: 1.9186595678329468
nan_count: 0
mae: 0.8906044960021973
nan_count: 0
