mse: 1.9997749328613281
nan_count: 0
mae: 0.909581184387207
nan_count: 0
