mse: 1.9074612855911255
nan_count: 0
mae: 0.8879120945930481
nan_count: 0
