mse: 1.974251389503479
nan_count: 0
mae: 0.9063913226127625
nan_count: 0
