mse: 1.9087313413619995
nan_count: 0
mae: 0.8886950016021729
nan_count: 0
