mse: 1.908401608467102
nan_count: 0
mae: 0.8882321119308472
nan_count: 0
