mse: 1.903414249420166
nan_count: 0
mae: 0.8867606520652771
nan_count: 0
