mse: 1.9082447290420532
nan_count: 0
mae: 0.888435423374176
nan_count: 0
