mse: 1.9362009763717651
nan_count: 0
mae: 0.8952510356903076
nan_count: 0
