mse: 1.909834384918213
nan_count: 0
mae: 0.8889492750167847
nan_count: 0
