mse: 1.9960436820983887
nan_count: 0
mae: 0.9113079905509949
nan_count: 0
