mse: 1.9035097360610962
nan_count: 0
mae: 0.88643479347229
nan_count: 0
