mse: 1.9474023580551147
nan_count: 0
mae: 0.8989989161491394
nan_count: 0
