mse: 1.9490776062011719
nan_count: 0
mae: 0.8987511396408081
nan_count: 0
