mse: 1.9261573553085327
nan_count: 0
mae: 0.8932812213897705
nan_count: 0
