mse: 1.918827772140503
nan_count: 0
mae: 0.8912948369979858
nan_count: 0
