mse: 1.975389003753662
nan_count: 0
mae: 0.9080450534820557
nan_count: 0
