mse: 1.899491548538208
nan_count: 0
mae: 0.8858372569084167
nan_count: 0
