mse: 1.9072057008743286
nan_count: 0
mae: 0.8873586654663086
nan_count: 0
