mse: 1.91331148147583
nan_count: 0
mae: 0.8905318379402161
nan_count: 0
