mse: 1.9764142036437988
nan_count: 0
mae: 0.9048991203308105
nan_count: 0
