mse: 1.9021837711334229
nan_count: 0
mae: 0.8867636919021606
nan_count: 0
