mse: 2.012958526611328
nan_count: 0
mae: 0.9183897376060486
nan_count: 0
