mse: 1.9261988401412964
nan_count: 0
mae: 0.8932890295982361
nan_count: 0
