mse: 1.9093550443649292
nan_count: 0
mae: 0.8891000747680664
nan_count: 0
