mse: 1.9066157341003418
nan_count: 0
mae: 0.8878008127212524
nan_count: 0
