mse: 1.9297981262207031
nan_count: 0
mae: 0.8927025198936462
nan_count: 0
