mse: 1.9139955043792725
nan_count: 0
mae: 0.890468955039978
nan_count: 0
