mse: 1.9122434854507446
nan_count: 0
mae: 0.889882504940033
nan_count: 0
