mse: 1.9062004089355469
nan_count: 0
mae: 0.8873531222343445
nan_count: 0
