mse: 1.9123611450195312
nan_count: 0
mae: 0.8897571563720703
nan_count: 0
