mse: 1.905158519744873
nan_count: 0
mae: 0.8868712782859802
nan_count: 0
