mse: 1.998719573020935
nan_count: 0
mae: 0.9106625318527222
nan_count: 0
