mse: 1.9072738885879517
nan_count: 0
mae: 0.8877915740013123
nan_count: 0
