mse: 1.920309066772461
nan_count: 0
mae: 0.8914268612861633
nan_count: 0
