mse: 1.913877248764038
nan_count: 0
mae: 0.8901311755180359
nan_count: 0
