mse: 1.9032807350158691
nan_count: 0
mae: 0.8865848779678345
nan_count: 0
