mse: 1.9015909433364868
nan_count: 0
mae: 0.8866122961044312
nan_count: 0
