mse: 1.9096076488494873
nan_count: 0
mae: 0.8887441158294678
nan_count: 0
