mse: 2.0606932640075684
nan_count: 0
mae: 0.9341357946395874
nan_count: 0
