mse: 1.9234931468963623
nan_count: 0
mae: 0.8920750021934509
nan_count: 0
