mse: 1.9139505624771118
nan_count: 0
mae: 0.8903241753578186
nan_count: 0
