mse: 1.9140722751617432
nan_count: 0
mae: 0.8901711106300354
nan_count: 0
