mse: 2.0156989097595215
nan_count: 0
mae: 0.9218775033950806
nan_count: 0
