mse: 1.9054316282272339
nan_count: 0
mae: 0.8873736262321472
nan_count: 0
