mse: 1.9671056270599365
nan_count: 0
mae: 0.9033149480819702
nan_count: 0
