mse: 1.9054309129714966
nan_count: 0
mae: 0.8871004581451416
nan_count: 0
