mse: 2.0034334659576416
nan_count: 0
mae: 0.9159399271011353
nan_count: 0
