mse: 2.0569369792938232
nan_count: 0
mae: 0.933870255947113
nan_count: 0
