mse: 1.9838908910751343
nan_count: 0
mae: 0.9061514735221863
nan_count: 0
