mse: 1.9783859252929688
nan_count: 0
mae: 0.9076352119445801
nan_count: 0
