mse: 1.9632524251937866
nan_count: 0
mae: 0.9036884903907776
nan_count: 0
