mse: 2.0109429359436035
nan_count: 0
mae: 0.9176546335220337
nan_count: 0
