mse: 1.9337834119796753
nan_count: 0
mae: 0.8953201174736023
nan_count: 0
