mse: 1.9078221321105957
nan_count: 0
mae: 0.8881474137306213
nan_count: 0
