mse: 1.949677586555481
nan_count: 0
mae: 0.8996179699897766
nan_count: 0
