mse: 2.21467661857605
nan_count: 0
mae: 0.9734929203987122
nan_count: 0
