mse: 1.9292535781860352
nan_count: 0
mae: 0.8929432034492493
nan_count: 0
