mse: 1.9062782526016235
nan_count: 0
mae: 0.8868622779846191
nan_count: 0
