mse: 1.913773536682129
nan_count: 0
mae: 0.8904216885566711
nan_count: 0
