mse: 1.913143277168274
nan_count: 0
mae: 0.8903489112854004
nan_count: 0
