mse: 1.9068461656570435
nan_count: 0
mae: 0.8877755403518677
nan_count: 0
