mse: 1.9443250894546509
nan_count: 0
mae: 0.896254301071167
nan_count: 0
