mse: 1.9761325120925903
nan_count: 0
mae: 0.9072778224945068
nan_count: 0
