mse: 1.9056676626205444
nan_count: 0
mae: 0.887552797794342
nan_count: 0
