mse: 2.052691698074341
nan_count: 0
mae: 0.9250965118408203
nan_count: 0
