mse: 1.9189492464065552
nan_count: 0
mae: 0.891661524772644
nan_count: 0
