mse: 1.9051144123077393
nan_count: 0
mae: 0.8871027231216431
nan_count: 0
