mse: 1.9099074602127075
nan_count: 0
mae: 0.8888385891914368
nan_count: 0
