mse: 1.9767569303512573
nan_count: 0
mae: 0.9075121283531189
nan_count: 0
