mse: 1.9337739944458008
nan_count: 0
mae: 0.8952950835227966
nan_count: 0
