mse: 1.939767837524414
nan_count: 0
mae: 0.8964002132415771
nan_count: 0
