mse: 1.9323883056640625
nan_count: 0
mae: 0.8933799266815186
nan_count: 0
