mse: 1.9073805809020996
nan_count: 0
mae: 0.888009786605835
nan_count: 0
