mse: 1.9045823812484741
nan_count: 0
mae: 0.8871697187423706
nan_count: 0
