mse: 2.0900447368621826
nan_count: 0
mae: 0.9394053220748901
nan_count: 0
