mse: 1.9498887062072754
nan_count: 0
mae: 0.8979297280311584
nan_count: 0
