mse: 1.9078816175460815
nan_count: 0
mae: 0.8882232308387756
nan_count: 0
