mse: 1.9068244695663452
nan_count: 0
mae: 0.8879580497741699
nan_count: 0
