mse: 1.9345216751098633
nan_count: 0
mae: 0.8947961330413818
nan_count: 0
