mse: 1.9135115146636963
nan_count: 0
mae: 0.8904348611831665
nan_count: 0
