mse: 1.9097424745559692
nan_count: 0
mae: 0.8892292976379395
nan_count: 0
