mse: 2.0236854553222656
nan_count: 0
mae: 0.9211331009864807
nan_count: 0
