mse: 1.906412124633789
nan_count: 0
mae: 0.8874943852424622
nan_count: 0
