mse: 1.9427626132965088
nan_count: 0
mae: 0.8977845311164856
nan_count: 0
