mse: 1.9066221714019775
nan_count: 0
mae: 0.8873549103736877
nan_count: 0
