mse: 1.9104167222976685
nan_count: 0
mae: 0.8893675208091736
nan_count: 0
