mse: 1.9742392301559448
nan_count: 0
mae: 0.9083309173583984
nan_count: 0
