mse: 1.959471344947815
nan_count: 0
mae: 0.9011190533638
nan_count: 0
