mse: 2.0100605487823486
nan_count: 0
mae: 0.9157692193984985
nan_count: 0
