mse: 1.9037972688674927
nan_count: 0
mae: 0.8864521384239197
nan_count: 0
