mse: 1.9043195247650146
nan_count: 0
mae: 0.8869675397872925
nan_count: 0
