mse: 2.2663209438323975
nan_count: 0
mae: 0.9930657744407654
nan_count: 0
