mse: 1.9067009687423706
nan_count: 0
mae: 0.8880531787872314
nan_count: 0
