mse: 2.1639275550842285
nan_count: 0
mae: 0.965627908706665
nan_count: 0
