mse: 1.9334410429000854
nan_count: 0
mae: 0.8951823711395264
nan_count: 0
