mse: 1.9342361688613892
nan_count: 0
mae: 0.8953807353973389
nan_count: 0
