mse: 2.0154285430908203
nan_count: 0
mae: 0.9152540564537048
nan_count: 0
