mse: 1.9109673500061035
nan_count: 0
mae: 0.8897117376327515
nan_count: 0
