mse: 1.903989553451538
nan_count: 0
mae: 0.8863674402236938
nan_count: 0
