mse: 1.9150009155273438
nan_count: 0
mae: 0.8906378149986267
nan_count: 0
