mse: 1.969719648361206
nan_count: 0
mae: 0.9051598906517029
nan_count: 0
