mse: 1.9134869575500488
nan_count: 0
mae: 0.89046311378479
nan_count: 0
