mse: 2.1474428176879883
nan_count: 0
mae: 0.9552675485610962
nan_count: 0
