mse: 1.929709792137146
nan_count: 0
mae: 0.8928970694541931
nan_count: 0
