mse: 1.9135960340499878
nan_count: 0
mae: 0.890317440032959
nan_count: 0
