mse: 1.9535876512527466
nan_count: 0
mae: 0.8993194103240967
nan_count: 0
