mse: 1.9031025171279907
nan_count: 0
mae: 0.8859827518463135
nan_count: 0
