mse: 2.228576421737671
nan_count: 0
mae: 0.9825277328491211
nan_count: 0
