mse: 1.9039757251739502
nan_count: 0
mae: 0.8868492245674133
nan_count: 0
