mse: 1.9524030685424805
nan_count: 0
mae: 0.9001427888870239
nan_count: 0
