mse: 1.913712978363037
nan_count: 0
mae: 0.890409529209137
nan_count: 0
