mse: 1.923753023147583
nan_count: 0
mae: 0.8917225003242493
nan_count: 0
