mse: 1.9125524759292603
nan_count: 0
mae: 0.8896648287773132
nan_count: 0
