mse: 1.9070286750793457
nan_count: 0
mae: 0.8879560828208923
nan_count: 0
