mse: 1.9106581211090088
nan_count: 0
mae: 0.8892725706100464
nan_count: 0
