mse: 2.00004243850708
nan_count: 0
mae: 0.9087464213371277
nan_count: 0
