mse: 1.9137014150619507
nan_count: 0
mae: 0.8905293941497803
nan_count: 0
