mse: 1.9043545722961426
nan_count: 0
mae: 0.8862285614013672
nan_count: 0
