mse: 1.9090814590454102
nan_count: 0
mae: 0.8881896138191223
nan_count: 0
