mse: 1.9858187437057495
nan_count: 0
mae: 0.9105460047721863
nan_count: 0
