mse: 2.2664833068847656
nan_count: 0
mae: 0.9957264065742493
nan_count: 0
