mse: 2.106971025466919
nan_count: 0
mae: 0.9499594569206238
nan_count: 0
