mse: 1.9065284729003906
nan_count: 0
mae: 0.8879072070121765
nan_count: 0
