mse: 1.912282943725586
nan_count: 0
mae: 0.889873206615448
nan_count: 0
