mse: 1.9079779386520386
nan_count: 0
mae: 0.8884768486022949
nan_count: 0
