mse: 1.9122275114059448
nan_count: 0
mae: 0.889856219291687
nan_count: 0
