mse: 1.931043267250061
nan_count: 0
mae: 0.8948395252227783
nan_count: 0
