mse: 1.9106495380401611
nan_count: 0
mae: 0.8894622921943665
nan_count: 0
