mse: 1.910361886024475
nan_count: 0
mae: 0.8894423842430115
nan_count: 0
