mse: 2.1967551708221436
nan_count: 0
mae: 0.9732500910758972
nan_count: 0
