mse: 1.9126368761062622
nan_count: 0
mae: 0.8903257846832275
nan_count: 0
