mse: 1.979830026626587
nan_count: 0
mae: 0.9070325493812561
nan_count: 0
