mse: 1.9042609930038452
nan_count: 0
mae: 0.8870620727539062
nan_count: 0
