mse: 1.9132732152938843
nan_count: 0
mae: 0.8903866410255432
nan_count: 0
