mse: 1.9093960523605347
nan_count: 0
mae: 0.8888751864433289
nan_count: 0
