mse: 1.989534854888916
nan_count: 0
mae: 0.913053572177887
nan_count: 0
