mse: 1.9555912017822266
nan_count: 0
mae: 0.9009308815002441
nan_count: 0
