mse: 2.0124473571777344
nan_count: 0
mae: 0.9142581820487976
nan_count: 0
