mse: 1.9182301759719849
nan_count: 0
mae: 0.890660285949707
nan_count: 0
