mse: 1.9033148288726807
nan_count: 0
mae: 0.8869480490684509
nan_count: 0
