mse: 2.1042251586914062
nan_count: 0
mae: 0.9459975957870483
nan_count: 0
