mse: 1.9084259271621704
nan_count: 0
mae: 0.888415515422821
nan_count: 0
