mse: 1.9968386888504028
nan_count: 0
mae: 0.917371928691864
nan_count: 0
