mse: 1.9024343490600586
nan_count: 0
mae: 0.8862696886062622
nan_count: 0
