mse: 1.905619502067566
nan_count: 0
mae: 0.8865423202514648
nan_count: 0
