mse: 2.1956160068511963
nan_count: 0
mae: 0.9706042408943176
nan_count: 0
