mse: 1.936455249786377
nan_count: 0
mae: 0.8958422541618347
nan_count: 0
