mse: 1.9259965419769287
nan_count: 0
mae: 0.8925741314888
nan_count: 0
