mse: 2.156649112701416
nan_count: 0
mae: 0.9603589773178101
nan_count: 0
