mse: 2.2436211109161377
nan_count: 0
mae: 0.9894499182701111
nan_count: 0
