mse: 2.0025711059570312
nan_count: 0
mae: 0.9127163887023926
nan_count: 0
