mse: 1.9196335077285767
nan_count: 0
mae: 0.8901498317718506
nan_count: 0
