mse: 1.9310173988342285
nan_count: 0
mae: 0.8948609232902527
nan_count: 0
