mse: 2.097881317138672
nan_count: 0
mae: 0.9413779377937317
nan_count: 0
