mse: 1.913398265838623
nan_count: 0
mae: 0.8905085325241089
nan_count: 0
