mse: 1.9678595066070557
nan_count: 0
mae: 0.902369499206543
nan_count: 0
