mse: 1.9035700559616089
nan_count: 0
mae: 0.886179506778717
nan_count: 0
