mse: 2.0923545360565186
nan_count: 0
mae: 0.939086377620697
nan_count: 0
