mse: 1.9098937511444092
nan_count: 0
mae: 0.8891043066978455
nan_count: 0
