mse: 1.9030911922454834
nan_count: 0
mae: 0.8865281343460083
nan_count: 0
