mse: 1.9136106967926025
nan_count: 0
mae: 0.8903793096542358
nan_count: 0
