mse: 2.047004222869873
nan_count: 0
mae: 0.9338254928588867
nan_count: 0
