mse: 1.9095935821533203
nan_count: 0
mae: 0.8887305855751038
nan_count: 0
