mse: 1.9122231006622314
nan_count: 0
mae: 0.8898616433143616
nan_count: 0
