mse: 1.9114084243774414
nan_count: 0
mae: 0.8899685740470886
nan_count: 0
