mse: 1.9146310091018677
nan_count: 0
mae: 0.889824390411377
nan_count: 0
