mse: 2.2395169734954834
nan_count: 0
mae: 0.9928131103515625
nan_count: 0
