mse: 1.928963303565979
nan_count: 0
mae: 0.8942080736160278
nan_count: 0
