mse: 2.158775568008423
nan_count: 0
mae: 0.963955283164978
nan_count: 0
