mse: 1.9125583171844482
nan_count: 0
mae: 0.8898941874504089
nan_count: 0
