mse: 2.0003979206085205
nan_count: 0
mae: 0.9136937856674194
nan_count: 0
