mse: 1.9951528310775757
nan_count: 0
mae: 0.9149104952812195
nan_count: 0
