mse: 1.9559049606323242
nan_count: 0
mae: 0.8989324569702148
nan_count: 0
