mse: 1.9414774179458618
nan_count: 0
mae: 0.8980174660682678
nan_count: 0
