mse: 1.913764238357544
nan_count: 0
mae: 0.8906436562538147
nan_count: 0
