mse: 1.9426288604736328
nan_count: 0
mae: 0.89620041847229
nan_count: 0
