mse: 1.9101972579956055
nan_count: 0
mae: 0.8893520832061768
nan_count: 0
