mse: 2.0506083965301514
nan_count: 0
mae: 0.9313632249832153
nan_count: 0
