mse: 1.9113836288452148
nan_count: 0
mae: 0.8894093632698059
nan_count: 0
