mse: 1.9076404571533203
nan_count: 0
mae: 0.888315737247467
nan_count: 0
