mse: 1.9115029573440552
nan_count: 0
mae: 0.8893202543258667
nan_count: 0
