mse: 1.9821786880493164
nan_count: 0
mae: 0.9074229598045349
nan_count: 0
