mse: 1.9001215696334839
nan_count: 0
mae: 0.886161744594574
nan_count: 0
