mse: 1.9180030822753906
nan_count: 0
mae: 0.8910319805145264
nan_count: 0
