mse: 2.0116817951202393
nan_count: 0
mae: 0.917708694934845
nan_count: 0
