mse: 2.020806074142456
nan_count: 0
mae: 0.9204912781715393
nan_count: 0
