mse: 1.9435760974884033
nan_count: 0
mae: 0.8971202969551086
nan_count: 0
