mse: 1.9096264839172363
nan_count: 0
mae: 0.8888753056526184
nan_count: 0
