mse: 1.9188408851623535
nan_count: 0
mae: 0.8902578353881836
nan_count: 0
