mse: 1.930362343788147
nan_count: 0
mae: 0.8935747146606445
nan_count: 0
