mse: 1.9027572870254517
nan_count: 0
mae: 0.88612961769104
nan_count: 0
