mse: 2.0123414993286133
nan_count: 0
mae: 0.913024365901947
nan_count: 0
