mse: 1.9138120412826538
nan_count: 0
mae: 0.8903400301933289
nan_count: 0
