mse: 1.9038925170898438
nan_count: 0
mae: 0.8869731426239014
nan_count: 0
