mse: 1.933219313621521
nan_count: 0
mae: 0.894116997718811
nan_count: 0
