mse: 1.9777830839157104
nan_count: 0
mae: 0.9038898348808289
nan_count: 0
