mse: 1.9450088739395142
nan_count: 0
mae: 0.8983479142189026
nan_count: 0
