mse: 1.9123846292495728
nan_count: 0
mae: 0.8897578120231628
nan_count: 0
