mse: 2.1011950969696045
nan_count: 0
mae: 0.945366382598877
nan_count: 0
