mse: 1.9101558923721313
nan_count: 0
mae: 0.8887122273445129
nan_count: 0
