mse: 1.9133942127227783
nan_count: 0
mae: 0.8904674649238586
nan_count: 0
