mse: 2.1805615425109863
nan_count: 0
mae: 0.9709751009941101
nan_count: 0
