mse: 1.903463363647461
nan_count: 0
mae: 0.8869100213050842
nan_count: 0
