mse: 1.9139105081558228
nan_count: 0
mae: 0.8904428482055664
nan_count: 0
