mse: 1.9043385982513428
nan_count: 0
mae: 0.8867668509483337
nan_count: 0
