mse: 1.9526898860931396
nan_count: 0
mae: 0.9009881019592285
nan_count: 0
