mse: 1.916063666343689
nan_count: 0
mae: 0.8905878067016602
nan_count: 0
