mse: 1.9061570167541504
nan_count: 0
mae: 0.8872934579849243
nan_count: 0
