mse: 1.9083061218261719
nan_count: 0
mae: 0.888556718826294
nan_count: 0
