mse: 1.9509655237197876
nan_count: 0
mae: 0.8974370956420898
nan_count: 0
