mse: 1.9793856143951416
nan_count: 0
mae: 0.9050300121307373
nan_count: 0
