mse: 1.9456915855407715
nan_count: 0
mae: 0.8964762091636658
nan_count: 0
