mse: 1.902281641960144
nan_count: 0
mae: 0.8862337470054626
nan_count: 0
