mse: 1.9105405807495117
nan_count: 0
mae: 0.8894259333610535
nan_count: 0
