mse: 2.1115834712982178
nan_count: 0
mae: 0.9499650001525879
nan_count: 0
