mse: 1.9192744493484497
nan_count: 0
mae: 0.8908650875091553
nan_count: 0
