mse: 1.913896083831787
nan_count: 0
mae: 0.890463650226593
nan_count: 0
