mse: 1.9036312103271484
nan_count: 0
mae: 0.8872138857841492
nan_count: 0
