mse: 1.9135982990264893
nan_count: 0
mae: 0.8903303742408752
nan_count: 0
