mse: 1.9093211889266968
nan_count: 0
mae: 0.8888672590255737
nan_count: 0
