mse: 1.9253660440444946
nan_count: 0
mae: 0.8920271992683411
nan_count: 0
