mse: 2.051510810852051
nan_count: 0
mae: 0.9311063885688782
nan_count: 0
