mse: 1.9272459745407104
nan_count: 0
mae: 0.8929142355918884
nan_count: 0
