mse: 1.908108115196228
nan_count: 0
mae: 0.8884100317955017
nan_count: 0
