mse: 1.9692301750183105
nan_count: 0
mae: 0.9022601842880249
nan_count: 0
