mse: 1.908782958984375
nan_count: 0
mae: 0.8888517618179321
nan_count: 0
