mse: 1.9756561517715454
nan_count: 0
mae: 0.9057230949401855
nan_count: 0
