mse: 1.9074865579605103
nan_count: 0
mae: 0.8877482414245605
nan_count: 0
