mse: 1.924667239189148
nan_count: 0
mae: 0.891237735748291
nan_count: 0
