mse: 2.142735004425049
nan_count: 0
mae: 0.9548194408416748
nan_count: 0
