mse: 2.263580560684204
nan_count: 0
mae: 0.998603880405426
nan_count: 0
