mse: 1.9243052005767822
nan_count: 0
mae: 0.8915613889694214
nan_count: 0
