mse: 2.0004279613494873
nan_count: 0
mae: 0.9129570722579956
nan_count: 0
