mse: 1.9964256286621094
nan_count: 0
mae: 0.9124695062637329
nan_count: 0
