mse: 1.9164631366729736
nan_count: 0
mae: 0.8903754353523254
nan_count: 0
