mse: 1.907870888710022
nan_count: 0
mae: 0.8882600665092468
nan_count: 0
