mse: 1.9140291213989258
nan_count: 0
mae: 0.8904697895050049
nan_count: 0
