mse: 1.9161794185638428
nan_count: 0
mae: 0.8903986215591431
nan_count: 0
