mse: 1.9142227172851562
nan_count: 0
mae: 0.8904477953910828
nan_count: 0
