mse: 1.9275685548782349
nan_count: 0
mae: 0.8927430510520935
nan_count: 0
