mse: 1.900813341140747
nan_count: 0
mae: 0.8863334059715271
nan_count: 0
