mse: 1.9101238250732422
nan_count: 0
mae: 0.8886973261833191
nan_count: 0
