mse: 1.9825208187103271
nan_count: 0
mae: 0.9086015820503235
nan_count: 0
