mse: 2.1034951210021973
nan_count: 0
mae: 0.9418704509735107
nan_count: 0
