mse: 1.9139329195022583
nan_count: 0
mae: 0.8901049494743347
nan_count: 0
