mse: 1.9845861196517944
nan_count: 0
mae: 0.9092767834663391
nan_count: 0
