mse: 2.105712652206421
nan_count: 0
mae: 0.9444032907485962
nan_count: 0
