mse: 1.9132555723190308
nan_count: 0
mae: 0.8904593586921692
nan_count: 0
