mse: 1.9662531614303589
nan_count: 0
mae: 0.9038479924201965
nan_count: 0
