mse: 2.01129412651062
nan_count: 0
mae: 0.913942813873291
nan_count: 0
