mse: 1.89873206615448
nan_count: 0
mae: 0.8857384324073792
nan_count: 0
