mse: 1.9042798280715942
nan_count: 0
mae: 0.8867615461349487
nan_count: 0
