mse: 2.0517022609710693
nan_count: 0
mae: 0.9295721650123596
nan_count: 0
