mse: 2.264569044113159
nan_count: 0
mae: 0.99444180727005
nan_count: 0
