mse: 1.9126988649368286
nan_count: 0
mae: 0.8900377750396729
nan_count: 0
