mse: 2.001087188720703
nan_count: 0
mae: 0.9140650629997253
nan_count: 0
