mse: 1.9035695791244507
nan_count: 0
mae: 0.8868114352226257
nan_count: 0
