mse: 1.907254934310913
nan_count: 0
mae: 0.8873424530029297
nan_count: 0
