mse: 1.9123542308807373
nan_count: 0
mae: 0.8898451924324036
nan_count: 0
