mse: 1.908101201057434
nan_count: 0
mae: 0.887709379196167
nan_count: 0
