mse: 1.9108788967132568
nan_count: 0
mae: 0.889259934425354
nan_count: 0
