mse: 1.9135748147964478
nan_count: 0
mae: 0.8904178738594055
nan_count: 0
