mse: 2.2295315265655518
nan_count: 0
mae: 0.9909055829048157
nan_count: 0
