mse: 1.9688154458999634
nan_count: 0
mae: 0.9044747352600098
nan_count: 0
