mse: 1.9036046266555786
nan_count: 0
mae: 0.8864921927452087
nan_count: 0
