mse: 1.9083563089370728
nan_count: 0
mae: 0.8881195187568665
nan_count: 0
