mse: 1.9658666849136353
nan_count: 0
mae: 0.9057686924934387
nan_count: 0
