mse: 1.967515468597412
nan_count: 0
mae: 0.9050536751747131
nan_count: 0
