mse: 2.0107977390289307
nan_count: 0
mae: 0.9183744788169861
nan_count: 0
