mse: 1.9136943817138672
nan_count: 0
mae: 0.8897038102149963
nan_count: 0
