mse: 1.9034451246261597
nan_count: 0
mae: 0.8862093091011047
nan_count: 0
