mse: 1.999835729598999
nan_count: 0
mae: 0.9135557413101196
nan_count: 0
