mse: 1.9321255683898926
nan_count: 0
mae: 0.8948293328285217
nan_count: 0
