mse: 2.050071954727173
nan_count: 0
mae: 0.9254981279373169
nan_count: 0
