mse: 1.9538064002990723
nan_count: 0
mae: 0.8979908227920532
nan_count: 0
