mse: 1.9149185419082642
nan_count: 0
mae: 0.8902537822723389
nan_count: 0
