mse: 1.9319612979888916
nan_count: 0
mae: 0.8949795961380005
nan_count: 0
