mse: 1.916199803352356
nan_count: 0
mae: 0.8911543488502502
nan_count: 0
