mse: 1.9055477380752563
nan_count: 0
mae: 0.8874562978744507
nan_count: 0
