mse: 1.98406183719635
nan_count: 0
mae: 0.911545991897583
nan_count: 0
