mse: 1.9135048389434814
nan_count: 0
mae: 0.8903992772102356
nan_count: 0
