mse: 1.9066007137298584
nan_count: 0
mae: 0.8877410292625427
nan_count: 0
