mse: 1.9106853008270264
nan_count: 0
mae: 0.8893529176712036
nan_count: 0
