mse: 1.9494324922561646
nan_count: 0
mae: 0.8999274373054504
nan_count: 0
