mse: 1.911392092704773
nan_count: 0
mae: 0.8898622393608093
nan_count: 0
