mse: 1.9023386240005493
nan_count: 0
mae: 0.8866263628005981
nan_count: 0
