mse: 1.9139537811279297
nan_count: 0
mae: 0.8903818726539612
nan_count: 0
