mse: 1.91830313205719
nan_count: 0
mae: 0.8916335701942444
nan_count: 0
