mse: 1.933559536933899
nan_count: 0
mae: 0.8938049674034119
nan_count: 0
