mse: 1.9058785438537598
nan_count: 0
mae: 0.8870171308517456
nan_count: 0
