mse: 1.9135143756866455
nan_count: 0
mae: 0.8904423117637634
nan_count: 0
