mse: 1.9679862260818481
nan_count: 0
mae: 0.9008590579032898
nan_count: 0
