mse: 1.948409080505371
nan_count: 0
mae: 0.8993626236915588
nan_count: 0
