mse: 2.0065534114837646
nan_count: 0
mae: 0.9184287786483765
nan_count: 0
