mse: 1.9144542217254639
nan_count: 0
mae: 0.8906150460243225
nan_count: 0
