mse: 2.1642043590545654
nan_count: 0
mae: 0.9627289175987244
nan_count: 0
