mse: 1.952359914779663
nan_count: 0
mae: 0.90130615234375
nan_count: 0
