mse: 2.0746970176696777
nan_count: 0
mae: 0.9366268515586853
nan_count: 0
