mse: 1.956918478012085
nan_count: 0
mae: 0.8994834423065186
nan_count: 0
