mse: 1.9087027311325073
nan_count: 0
mae: 0.888512909412384
nan_count: 0
