mse: 1.9134260416030884
nan_count: 0
mae: 0.8904141187667847
nan_count: 0
