mse: 1.9059449434280396
nan_count: 0
mae: 0.8875725269317627
nan_count: 0
