mse: 1.9133158922195435
nan_count: 0
mae: 0.8904423117637634
nan_count: 0
