mse: 1.9057326316833496
nan_count: 0
mae: 0.8878829479217529
nan_count: 0
