mse: 1.9208968877792358
nan_count: 0
mae: 0.8921825289726257
nan_count: 0
