mse: 1.9779331684112549
nan_count: 0
mae: 0.9051291942596436
nan_count: 0
