mse: 2.1435747146606445
nan_count: 0
mae: 0.9581236839294434
nan_count: 0
