mse: 1.904699683189392
nan_count: 0
mae: 0.8865218162536621
nan_count: 0
