mse: 1.9498224258422852
nan_count: 0
mae: 0.8983978033065796
nan_count: 0
