mse: 1.9184727668762207
nan_count: 0
mae: 0.891213059425354
nan_count: 0
