mse: 1.9429030418395996
nan_count: 0
mae: 0.8967820405960083
nan_count: 0
