mse: 1.954086184501648
nan_count: 0
mae: 0.898417592048645
nan_count: 0
