mse: 1.9137096405029297
nan_count: 0
mae: 0.8898552656173706
nan_count: 0
