mse: 1.91204035282135
nan_count: 0
mae: 0.8898186087608337
nan_count: 0
