mse: 1.9333982467651367
nan_count: 0
mae: 0.8952785134315491
nan_count: 0
