mse: 1.914268970489502
nan_count: 0
mae: 0.8904116153717041
nan_count: 0
