mse: 2.1508142948150635
nan_count: 0
mae: 0.960673451423645
nan_count: 0
