mse: 1.9168999195098877
nan_count: 0
mae: 0.8908435702323914
nan_count: 0
