mse: 1.9431439638137817
nan_count: 0
mae: 0.8979507684707642
nan_count: 0
