mse: 1.9154623746871948
nan_count: 0
mae: 0.889460027217865
nan_count: 0
