mse: 1.9407867193222046
nan_count: 0
mae: 0.8974665403366089
nan_count: 0
