mse: 2.3100690841674805
nan_count: 0
mae: 1.0103793144226074
nan_count: 0
