mse: 1.904288411140442
nan_count: 0
mae: 0.8865500688552856
nan_count: 0
