mse: 1.913747787475586
nan_count: 0
mae: 0.8904133439064026
nan_count: 0
