mse: 1.968801736831665
nan_count: 0
mae: 0.9055077433586121
nan_count: 0
