mse: 1.9138777256011963
nan_count: 0
mae: 0.8904841542243958
nan_count: 0
