mse: 2.18432879447937
nan_count: 0
mae: 0.970980703830719
nan_count: 0
