mse: 1.913625955581665
nan_count: 0
mae: 0.8903821706771851
nan_count: 0
