mse: 1.9479490518569946
nan_count: 0
mae: 0.8998293876647949
nan_count: 0
