mse: 1.9696062803268433
nan_count: 0
mae: 0.9049587249755859
nan_count: 0
