mse: 2.0936405658721924
nan_count: 0
mae: 0.9373281002044678
nan_count: 0
