mse: 1.9107478857040405
nan_count: 0
mae: 0.8894079923629761
nan_count: 0
