mse: 2.0540339946746826
nan_count: 0
mae: 0.9279765486717224
nan_count: 0
