mse: 2.00563907623291
nan_count: 0
mae: 0.9156343936920166
nan_count: 0
