mse: 1.901259183883667
nan_count: 0
mae: 0.8863089680671692
nan_count: 0
