mse: 1.9207769632339478
nan_count: 0
mae: 0.8917854428291321
nan_count: 0
