mse: 1.9121215343475342
nan_count: 0
mae: 0.8899057507514954
nan_count: 0
