mse: 1.9036654233932495
nan_count: 0
mae: 0.8858951926231384
nan_count: 0
