mse: 1.9030197858810425
nan_count: 0
mae: 0.8856589794158936
nan_count: 0
