mse: 2.018472194671631
nan_count: 0
mae: 0.9217624068260193
nan_count: 0
