mse: 1.9513154029846191
nan_count: 0
mae: 0.898649275302887
nan_count: 0
