mse: 1.9063984155654907
nan_count: 0
mae: 0.88693767786026
nan_count: 0
