mse: 1.9668587446212769
nan_count: 0
mae: 0.9011308550834656
nan_count: 0
