mse: 1.9539844989776611
nan_count: 0
mae: 0.9006074070930481
nan_count: 0
