mse: 1.9614604711532593
nan_count: 0
mae: 0.9033063650131226
nan_count: 0
