mse: 2.140716791152954
nan_count: 0
mae: 0.9543904662132263
nan_count: 0
