mse: 1.9101370573043823
nan_count: 0
mae: 0.8891762495040894
nan_count: 0
