mse: 1.9218847751617432
nan_count: 0
mae: 0.8918820023536682
nan_count: 0
