mse: 1.9727338552474976
nan_count: 0
mae: 0.9064935445785522
nan_count: 0
