mse: 1.9026463031768799
nan_count: 0
mae: 0.8864875435829163
nan_count: 0
