mse: 2.2070417404174805
nan_count: 0
mae: 0.9807053804397583
nan_count: 0
