mse: 1.9330934286117554
nan_count: 0
mae: 0.8947899341583252
nan_count: 0
