mse: 1.9134777784347534
nan_count: 0
mae: 0.889758825302124
nan_count: 0
