mse: 1.9138470888137817
nan_count: 0
mae: 0.8903485536575317
nan_count: 0
