mse: 1.9132102727890015
nan_count: 0
mae: 0.890309751033783
nan_count: 0
