mse: 1.8974242210388184
nan_count: 0
mae: 0.8853416442871094
nan_count: 0
