mse: 1.9737544059753418
nan_count: 0
mae: 0.9066678881645203
nan_count: 0
