mse: 1.9164435863494873
nan_count: 0
mae: 0.8904070854187012
nan_count: 0
