mse: 1.9818466901779175
nan_count: 0
mae: 0.9094367027282715
nan_count: 0
