mse: 1.9145392179489136
nan_count: 0
mae: 0.8897580504417419
nan_count: 0
