mse: 1.9110180139541626
nan_count: 0
mae: 0.8893920183181763
nan_count: 0
