mse: 1.913794994354248
nan_count: 0
mae: 0.8904605507850647
nan_count: 0
