mse: 1.9072209596633911
nan_count: 0
mae: 0.8883547782897949
nan_count: 0
