mse: 2.2645177841186523
nan_count: 0
mae: 0.9926313161849976
nan_count: 0
