mse: 1.9145973920822144
nan_count: 0
mae: 0.890045166015625
nan_count: 0
