mse: 1.9781519174575806
nan_count: 0
mae: 0.9099011421203613
nan_count: 0
