mse: 1.9159647226333618
nan_count: 0
mae: 0.8903642892837524
nan_count: 0
