mse: 1.915526032447815
nan_count: 0
mae: 0.8905652165412903
nan_count: 0
