mse: 1.9668910503387451
nan_count: 0
mae: 0.9033064246177673
nan_count: 0
