mse: 1.9052056074142456
nan_count: 0
mae: 0.8867086172103882
nan_count: 0
