mse: 1.9043610095977783
nan_count: 0
mae: 0.8868035078048706
nan_count: 0
