mse: 1.917779803276062
nan_count: 0
mae: 0.8901904225349426
nan_count: 0
