mse: 1.928594708442688
nan_count: 0
mae: 0.8939222097396851
nan_count: 0
