mse: 2.3181817531585693
nan_count: 0
mae: 1.0184416770935059
nan_count: 0
