mse: 2.210585832595825
nan_count: 0
mae: 0.9792033433914185
nan_count: 0
