mse: 2.2530369758605957
nan_count: 0
mae: 0.9961883425712585
nan_count: 0
