mse: 1.9760311841964722
nan_count: 0
mae: 0.9044081568717957
nan_count: 0
