mse: 1.9055753946304321
nan_count: 0
mae: 0.8875699043273926
nan_count: 0
