mse: 2.2782909870147705
nan_count: 0
mae: 0.9989352822303772
nan_count: 0
