mse: 1.9022865295410156
nan_count: 0
mae: 0.8856233954429626
nan_count: 0
