mse: 1.909234642982483
nan_count: 0
mae: 0.8887372016906738
nan_count: 0
