mse: 1.9108937978744507
nan_count: 0
mae: 0.8893554210662842
nan_count: 0
