mse: 2.2815163135528564
nan_count: 0
mae: 1.00228750705719
nan_count: 0
