mse: 1.9759941101074219
nan_count: 0
mae: 0.9068110585212708
nan_count: 0
