mse: 1.9824329614639282
nan_count: 0
mae: 0.9092614650726318
nan_count: 0
