mse: 2.056605577468872
nan_count: 0
mae: 0.9323744773864746
nan_count: 0
