mse: 1.9432004690170288
nan_count: 0
mae: 0.8978666067123413
nan_count: 0
