mse: 1.9038445949554443
nan_count: 0
mae: 0.8860289454460144
nan_count: 0
