mse: 1.9125902652740479
nan_count: 0
mae: 0.8898307681083679
nan_count: 0
