mse: 1.9043680429458618
nan_count: 0
mae: 0.8872925043106079
nan_count: 0
