mse: 2.15576434135437
nan_count: 0
mae: 0.9619568586349487
nan_count: 0
