mse: 2.1538290977478027
nan_count: 0
mae: 0.9619975090026855
nan_count: 0
