mse: 1.9455877542495728
nan_count: 0
mae: 0.8990628123283386
nan_count: 0
