mse: 2.206321954727173
nan_count: 0
mae: 0.9797280430793762
nan_count: 0
