mse: 2.268078327178955
nan_count: 0
mae: 0.9976490139961243
nan_count: 0
