mse: 1.9049049615859985
nan_count: 0
mae: 0.8871980309486389
nan_count: 0
