mse: 1.8995206356048584
nan_count: 0
mae: 0.8859297633171082
nan_count: 0
