mse: 1.9133983850479126
nan_count: 0
mae: 0.8903627395629883
nan_count: 0
