mse: 1.9137240648269653
nan_count: 0
mae: 0.8903553485870361
nan_count: 0
