mse: 1.2057888507843018
nan_count: 0
mae: 0.8153582215309143
nan_count: 0
