mse: 0.9450444579124451
nan_count: 0
mae: 0.7373569011688232
nan_count: 0
