mse: 0.2202044427394867
mae: 0.3438160717487335
