mse: 0.25580066442489624
mae: 0.29613128304481506
