mse: 0.194579616189003
mae: 0.29163748025894165
