mse: 0.19361934065818787
mae: 0.2869357168674469
