mse: 0.19406744837760925
mae: 0.29063880443573
