mse: 0.19268056750297546
mae: 0.2878456711769104
