mse: 0.19317331910133362
mae: 0.2892634868621826
