mse: 0.19337178766727448
mae: 0.28769680857658386
