mse: 0.19338171184062958
mae: 0.2887066900730133
