mse: 0.19309711456298828
mae: 0.28806033730506897
