mse: 0.1939292848110199
mae: 0.2892052233219147
