mse: 0.19311466813087463
mae: 0.2878485321998596
