mse: 0.19276493787765503
mae: 0.2877739369869232
