mse: 0.19206538796424866
mae: 0.2857375144958496
