mse: 0.19432410597801208
mae: 0.2904600203037262
