mse: 0.1938592940568924
mae: 0.28658220171928406
