mse: 0.1944074034690857
mae: 0.2908630967140198
