mse: 0.19472236931324005
mae: 0.2913394868373871
