mse: 0.19439655542373657
mae: 0.29109665751457214
