mse: 0.1937125325202942
mae: 0.2893398404121399
