mse: 0.1938258707523346
mae: 0.28885215520858765
