mse: 0.1932443529367447
mae: 0.2873816192150116
