mse: 0.19406963884830475
mae: 0.2902085781097412
