mse: 0.19335465133190155
mae: 0.2880012094974518
