mse: 0.19301655888557434
mae: 0.28723716735839844
