mse: 0.1932472437620163
mae: 0.2876420319080353
