mse: 0.19349241256713867
mae: 0.2883213460445404
