mse: 0.19377875328063965
mae: 0.28819188475608826
