mse: 0.19334423542022705
mae: 0.2881208658218384
