mse: 0.1927628517150879
mae: 0.28669747710227966
