mse: 0.19364184141159058
mae: 0.2893200218677521
