mse: 0.19295692443847656
mae: 0.28754696249961853
