mse: 0.19512397050857544
mae: 0.29199081659317017
