mse: 0.1933530867099762
mae: 0.2880878150463104
