mse: 0.1933230608701706
mae: 0.2891123592853546
