mse: 0.19280461966991425
mae: 0.2881898283958435
