mse: 0.19342105090618134
mae: 0.28714993596076965
