mse: 0.19331231713294983
mae: 0.28802138566970825
