mse: 0.19420821964740753
mae: 0.2907046377658844
