mse: 0.1934514343738556
mae: 0.28860196471214294
