mse: 0.19428129494190216
mae: 0.29128435254096985
