mse: 0.1944994032382965
mae: 0.29088327288627625
