mse: 0.1929502636194229
mae: 0.28663870692253113
