mse: 0.19288896024227142
mae: 0.2885338366031647
