mse: 0.19371402263641357
mae: 0.28946200013160706
