mse: 0.1928430050611496
mae: 0.28703826665878296
