mse: 0.19341108202934265
mae: 0.28611284494400024
