mse: 0.1930142045021057
mae: 0.2888558804988861
