mse: 0.1843966394662857
mae: 0.27987268567085266
