mse: 0.19368316233158112
mae: 0.286877304315567
