mse: 0.19383664429187775
mae: 0.28666946291923523
