mse: 0.19289666414260864
mae: 0.287472665309906
