mse: 0.19405460357666016
mae: 0.2906116843223572
