mse: 0.19427262246608734
mae: 0.29091084003448486
