mse: 0.1938459873199463
mae: 0.2905919849872589
