mse: 0.19308844208717346
mae: 0.2883348762989044
