mse: 0.1945471614599228
mae: 0.2909887433052063
