mse: 0.19391296803951263
mae: 0.2895958721637726
