mse: 0.19343966245651245
mae: 0.2884365916252136
