mse: 0.1947338879108429
mae: 0.29158204793930054
