mse: 0.1938541680574417
mae: 0.2899513244628906
