mse: 0.1940762996673584
mae: 0.29032066464424133
