mse: 0.1940392255783081
mae: 0.2896002531051636
