mse: 0.19432273507118225
mae: 0.29039129614830017
