mse: 0.19323742389678955
mae: 0.2873958945274353
