mse: 0.19351856410503387
mae: 0.28921499848365784
