mse: 0.19418026506900787
mae: 0.2902217507362366
