mse: 0.193762868642807
mae: 0.28946709632873535
