mse: 0.19340747594833374
mae: 0.28727421164512634
