mse: 0.19358022511005402
mae: 0.2868315875530243
