mse: 0.19378595054149628
mae: 0.2899099886417389
