mse: 0.1922859400510788
mae: 0.28663432598114014
