mse: 0.1937079280614853
mae: 0.28673624992370605
