mse: 0.1938805878162384
mae: 0.289975643157959
