mse: 0.19354194402694702
mae: 0.2868199646472931
