mse: 0.19271519780158997
mae: 0.2862490713596344
