mse: 0.19143836200237274
mae: 0.28766849637031555
