mse: 0.19425645470619202
mae: 0.29125750064849854
