mse: 0.19471406936645508
mae: 0.2911708354949951
