mse: 0.19312185049057007
mae: 0.28756964206695557
