mse: 0.1941775679588318
mae: 0.29008474946022034
