mse: 0.19333073496818542
mae: 0.2860698401927948
