mse: 0.19336248934268951
mae: 0.28757917881011963
