mse: 0.19291357696056366
mae: 0.28662973642349243
