mse: 0.19208663702011108
mae: 0.28616398572921753
