mse: 0.19404181838035583
mae: 0.28963205218315125
