mse: 0.19337855279445648
mae: 0.2866932451725006
