mse: 0.1935845911502838
mae: 0.28925639390945435
