mse: 0.19362837076187134
mae: 0.28882551193237305
