mse: 0.19351531565189362
mae: 0.28871792554855347
