mse: 0.18376044929027557
mae: 0.2793644368648529
