mse: 0.19324743747711182
mae: 0.28963032364845276
