mse: 0.1932898908853531
mae: 0.2881622016429901
