mse: 0.19330479204654694
mae: 0.2874937951564789
