mse: 0.19293248653411865
mae: 0.2877647578716278
