mse: 0.19310472905635834
mae: 0.28821229934692383
