mse: 0.19376732409000397
mae: 0.28888940811157227
