mse: 0.1933620274066925
mae: 0.28751781582832336
