mse: 0.19335240125656128
mae: 0.28704237937927246
