mse: 0.193480983376503
mae: 0.2888539135456085
