mse: 0.19383418560028076
mae: 0.2879985272884369
