mse: 0.19324079155921936
mae: 0.28756698966026306
