mse: 0.19475142657756805
mae: 0.2918904721736908
