mse: 0.18521402776241302
mae: 0.28082847595214844
