mse: 0.18457458913326263
mae: 0.2801686227321625
