mse: 0.18987952172756195
mae: 0.2859198749065399
