mse: 0.18842656910419464
mae: 0.284306138753891
