mse: 0.19358544051647186
mae: 0.28644469380378723
