mse: 0.19341214001178741
mae: 0.28855088353157043
