mse: 0.19306698441505432
mae: 0.2894272804260254
