mse: 0.1934989094734192
mae: 0.28710615634918213
