mse: 0.19467972218990326
mae: 0.2911635935306549
