mse: 0.19328249990940094
mae: 0.2869870066642761
