mse: 0.1939106434583664
mae: 0.28949758410453796
