mse: 0.19342899322509766
mae: 0.2873780131340027
