mse: 0.19329413771629333
mae: 0.2873292565345764
