mse: 0.19306795299053192
mae: 0.28635838627815247
