mse: 0.19283732771873474
mae: 0.28727230429649353
