mse: 0.1929449886083603
mae: 0.28596407175064087
