mse: 0.1934337317943573
mae: 0.2878807783126831
