mse: 0.1941274106502533
mae: 0.2913264334201813
