mse: 0.19334529340267181
mae: 0.2900707721710205
