mse: 0.19453155994415283
mae: 0.2914018929004669
