mse: 0.19323773682117462
mae: 0.28763270378112793
