mse: 0.19283120334148407
mae: 0.2871493101119995
