mse: 0.19334211945533752
mae: 0.287835955619812
