mse: 0.19340912997722626
mae: 0.2870696783065796
