mse: 0.19277282059192657
mae: 0.28763726353645325
