mse: 0.193378284573555
mae: 0.2887188494205475
