mse: 0.19353902339935303
mae: 0.2898097634315491
