mse: 0.19400480389595032
mae: 0.29060181975364685
