mse: 0.19375835359096527
mae: 0.28841251134872437
