mse: 0.1932099610567093
mae: 0.28819331526756287
