mse: 0.19359709322452545
mae: 0.2883567214012146
