mse: 0.18728028237819672
mae: 0.2830234169960022
