mse: 0.19249357283115387
mae: 0.287142813205719
