mse: 0.194364994764328
mae: 0.29035115242004395
