mse: 0.1936500519514084
mae: 0.28711578249931335
