mse: 0.1948503702878952
mae: 0.2916856110095978
