mse: 0.19315047562122345
mae: 0.28638750314712524
