mse: 0.18620213866233826
mae: 0.2817894518375397
