mse: 0.193474680185318
mae: 0.2905077636241913
