mse: 0.19343861937522888
mae: 0.2872910797595978
