mse: 0.19347383081912994
mae: 0.286988765001297
