mse: 0.19376058876514435
mae: 0.2886631190776825
