mse: 0.19400213658809662
mae: 0.29003337025642395
