mse: 0.19358360767364502
mae: 0.28885915875434875
