mse: 0.1942901611328125
mae: 0.2912907302379608
