mse: 0.3371763527393341
nan_count: 0
mae: 0.4246225655078888
nan_count: 0
