mse: 0.3227151036262512
nan_count: 0
mae: 0.41291433572769165
nan_count: 0
