mse: 0.19511155784130096
mae: 0.29087701439857483
