mse: 0.19200916588306427
mae: 0.28555789589881897
