mse: 0.1912361979484558
mae: 0.2845035791397095
