mse: 0.19319680333137512
mae: 0.2873495817184448
