mse: 0.192152738571167
mae: 0.28576958179473877
