mse: 0.19281728565692902
mae: 0.28721389174461365
