mse: 0.1939118653535843
mae: 0.28892049193382263
