mse: 0.19435040652751923
mae: 0.28922322392463684
