mse: 0.19094368815422058
mae: 0.2841510474681854
