mse: 0.1909264624118805
mae: 0.28411683440208435
