mse: 0.19364280998706818
mae: 0.2879803478717804
