mse: 0.1955312341451645
mae: 0.2904684245586395
