mse: 0.19282950460910797
mae: 0.2872716784477234
