mse: 0.1988980621099472
mae: 0.2974325120449066
