mse: 0.19146795570850372
mae: 0.28466108441352844
