mse: 0.19427132606506348
mae: 0.29026612639427185
