mse: 0.19234131276607513
mae: 0.2864800691604614
