mse: 0.19196771085262299
mae: 0.28589773178100586
