mse: 0.19107477366924286
mae: 0.28425276279449463
