mse: 0.19097402691841125
mae: 0.284138023853302
