mse: 0.19273777306079865
mae: 0.2865576446056366
