mse: 0.19505813717842102
mae: 0.29083460569381714
