mse: 0.19252431392669678
mae: 0.28640201687812805
