mse: 0.19171307981014252
mae: 0.28489792346954346
