mse: 0.1915549784898758
mae: 0.2849409878253937
