mse: 0.19413737952709198
mae: 0.28876960277557373
