mse: 0.19133587181568146
mae: 0.28454843163490295
