mse: 0.1951475590467453
mae: 0.2917688488960266
