mse: 0.19227345287799835
mae: 0.28603681921958923
