mse: 0.19117353856563568
mae: 0.284483402967453
