mse: 0.1923236846923828
mae: 0.28596049547195435
