mse: 0.19301098585128784
mae: 0.28738003969192505
