mse: 0.19128641486167908
mae: 0.28454697132110596
