mse: 0.1930546909570694
mae: 0.2865726947784424
