mse: 0.19347263872623444
mae: 0.28815773129463196
