mse: 0.19436326622962952
mae: 0.2888115644454956
