mse: 0.1923857182264328
mae: 0.2859066426753998
