mse: 0.19206616282463074
mae: 0.2857930064201355
