mse: 0.194520503282547
mae: 0.28989672660827637
