mse: 0.19244502484798431
mae: 0.28656986355781555
