mse: 0.1937895119190216
mae: 0.2879832088947296
