mse: 0.19443972408771515
mae: 0.2899075150489807
