mse: 0.19444724917411804
mae: 0.2898341417312622
