mse: 0.1934945285320282
mae: 0.2878502309322357
