mse: 0.1932481825351715
mae: 0.2874579131603241
