mse: 0.19518589973449707
mae: 0.2909216284751892
