mse: 0.19287048280239105
mae: 0.2873106002807617
