mse: 0.19210472702980042
mae: 0.2853360176086426
