mse: 0.19383981823921204
mae: 0.2883276343345642
