mse: 0.19240131974220276
mae: 0.2865687310695648
