mse: 0.19396387040615082
mae: 0.28904661536216736
