mse: 0.19352807104587555
mae: 0.288210928440094
