mse: 0.19453026354312897
mae: 0.2898964285850525
