mse: 0.19146116077899933
mae: 0.2846812307834625
