mse: 0.19574092328548431
mae: 0.2907985746860504
