mse: 0.1916569173336029
mae: 0.2853369116783142
