mse: 0.19489732384681702
mae: 0.2900392711162567
