mse: 0.19283448159694672
mae: 0.2871140241622925
