mse: 0.19236847758293152
mae: 0.28653982281684875
