mse: 0.19398707151412964
mae: 0.28899940848350525
