mse: 0.19318319857120514
mae: 0.28798478841781616
