mse: 0.19325774908065796
mae: 0.2872488498687744
