mse: 0.1919083148241043
mae: 0.2851071059703827
