mse: 0.1916702836751938
mae: 0.28533053398132324
