mse: 0.1913633495569229
mae: 0.2848476767539978
