mse: 0.1935061365365982
mae: 0.28812167048454285
