mse: 0.1927669793367386
mae: 0.28673043847084045
