mse: 0.19357983767986298
mae: 0.28773051500320435
