mse: 0.1911790519952774
mae: 0.2844901382923126
