mse: 0.19117975234985352
mae: 0.28449705243110657
