mse: 0.19404542446136475
mae: 0.28904086351394653
