mse: 0.19156649708747864
mae: 0.28487950563430786
