mse: 0.19501475989818573
mae: 0.2897375822067261
