mse: 0.19497764110565186
mae: 0.29072582721710205
