mse: 0.19440773129463196
mae: 0.28920167684555054
