mse: 0.19231395423412323
mae: 0.2855953276157379
