mse: 0.19096219539642334
mae: 0.28415894508361816
