mse: 0.1948545128107071
mae: 0.2894838750362396
