mse: 0.19249381124973297
mae: 0.28583934903144836
