mse: 0.1920374631881714
mae: 0.2859073877334595
