mse: 0.19299329817295074
mae: 0.28707051277160645
