mse: 0.1917882263660431
mae: 0.2851947247982025
