mse: 0.1911817342042923
mae: 0.2845034599304199
