mse: 0.1916426122188568
mae: 0.2849053740501404
