mse: 0.191658616065979
mae: 0.28534266352653503
