mse: 0.1934090107679367
mae: 0.28771379590034485
