mse: 0.19138185679912567
mae: 0.2848777770996094
