mse: 0.19186951220035553
mae: 0.28544220328330994
