mse: 0.19485676288604736
mae: 0.29006731510162354
