mse: 0.1936243325471878
mae: 0.2890053987503052
