mse: 0.1928197592496872
mae: 0.2862088680267334
