mse: 0.1925341635942459
mae: 0.2864137589931488
