mse: 0.1943548619747162
mae: 0.28980645537376404
