mse: 0.1916723996400833
mae: 0.28500670194625854
