mse: 0.191285640001297
mae: 0.28454092144966125
