mse: 0.19396813213825226
mae: 0.28897905349731445
