mse: 0.19172337651252747
mae: 0.28527456521987915
