mse: 0.19292806088924408
mae: 0.28730836510658264
