mse: 0.19097089767456055
mae: 0.28416967391967773
