mse: 0.19149303436279297
mae: 0.28486528992652893
