mse: 0.19177216291427612
mae: 0.28540655970573425
