mse: 0.1949933022260666
mae: 0.2908128499984741
