mse: 0.19290699064731598
mae: 0.287291020154953
