mse: 0.19118323922157288
mae: 0.2844655215740204
