mse: 0.19476088881492615
mae: 0.2896881103515625
