mse: 0.19420038163661957
mae: 0.2885574400424957
