mse: 0.19339776039123535
mae: 0.2880856990814209
