mse: 0.1924184411764145
mae: 0.28655165433883667
