mse: 0.19147342443466187
mae: 0.28490686416625977
