mse: 0.19097018241882324
mae: 0.2841634452342987
