mse: 0.19258177280426025
mae: 0.2863689363002777
