mse: 0.1952342987060547
mae: 0.29101794958114624
