mse: 0.19195976853370667
mae: 0.2854379117488861
