mse: 0.19097863137722015
mae: 0.28416576981544495
