mse: 0.19213786721229553
mae: 0.28597745299339294
