mse: 0.19748280942440033
mae: 0.29536503553390503
