mse: 0.19244898855686188
mae: 0.2862756848335266
