mse: 0.195562481880188
mae: 0.291059285402298
