mse: 0.19162577390670776
mae: 0.2852962017059326
