mse: 0.1924191415309906
mae: 0.28562286496162415
