mse: 0.1953730583190918
mae: 0.2906665503978729
