mse: 0.19125667214393616
mae: 0.28440022468566895
