mse: 0.19138199090957642
mae: 0.28487104177474976
