mse: 0.19181965291500092
mae: 0.28527092933654785
