mse: 0.1928136944770813
mae: 0.28679463267326355
