mse: 0.19140157103538513
mae: 0.28486964106559753
