mse: 0.19112667441368103
mae: 0.2842746078968048
