mse: 0.19507578015327454
mae: 0.2909401059150696
