mse: 0.192006915807724
mae: 0.2859047055244446
