mse: 0.19345414638519287
mae: 0.28814810514450073
