mse: 0.1933085024356842
mae: 0.28797897696495056
