mse: 0.19390349090099335
mae: 0.2889723479747772
