mse: 0.19259046018123627
mae: 0.2864731252193451
