mse: 0.1930255889892578
mae: 0.2869725823402405
