mse: 0.192275732755661
mae: 0.2859799861907959
