mse: 0.1940346211194992
mae: 0.28908029198646545
