mse: 0.19386689364910126
mae: 0.28843462467193604
