mse: 0.1943758875131607
mae: 0.2897455096244812
