mse: 0.1919984370470047
mae: 0.285921573638916
