mse: 0.19294610619544983
mae: 0.287066251039505
