mse: 0.19141578674316406
mae: 0.28485769033432007
