mse: 0.19618457555770874
mae: 0.29343053698539734
