mse: 0.19162800908088684
mae: 0.28532886505126953
