mse: 0.19194746017456055
mae: 0.28584596514701843
