mse: 0.19254839420318604
mae: 0.28664812445640564
