mse: 0.19457872211933136
mae: 0.2899836599826813
