mse: 0.2941455841064453
mae: 0.3935740888118744
