mse: 0.2954247295856476
mae: 0.3922536373138428
