mse: 0.29424557089805603
mae: 0.39406290650367737
