mse: 0.2943018972873688
mae: 0.39029136300086975
