mse: 0.2943674623966217
mae: 0.39297914505004883
