mse: 0.29418855905532837
mae: 0.39359840750694275
