mse: 0.29394638538360596
mae: 0.39297935366630554
