mse: 0.2940427362918854
mae: 0.39251992106437683
