mse: 0.2940841615200043
mae: 0.39357253909111023
