mse: 0.2942671477794647
mae: 0.39409542083740234
