mse: 0.2941899001598358
mae: 0.39120325446128845
