mse: 0.2939094603061676
mae: 0.39168858528137207
