mse: 0.2946207821369171
mae: 0.3913085460662842
