mse: 0.294485479593277
mae: 0.39230722188949585
