mse: 0.29391244053840637
mae: 0.3929503560066223
