mse: 0.29406917095184326
mae: 0.3928637206554413
