mse: 0.2942061126232147
mae: 0.39284607768058777
