mse: 0.2937624156475067
mae: 0.3909071683883667
