mse: 0.29429808259010315
mae: 0.3902088701725006
