mse: 0.29398590326309204
mae: 0.3915213942527771
