mse: 0.29418647289276123
mae: 0.3936628997325897
