mse: 0.29449009895324707
mae: 0.392807275056839
