mse: 0.29416653513908386
mae: 0.39174938201904297
