mse: 0.2942649722099304
mae: 0.39048537611961365
