mse: 0.29710519313812256
mae: 0.39184558391571045
