mse: 0.2943951189517975
mae: 0.3908887207508087
