mse: 0.2938762605190277
mae: 0.39230749011039734
