mse: 0.2950734794139862
mae: 0.3921930193901062
