mse: 0.2941616475582123
mae: 0.3935815095901489
