mse: 0.2942221760749817
mae: 0.3940383493900299
