mse: 0.2941851019859314
mae: 0.39357790350914
