mse: 0.29412785172462463
mae: 0.3919444680213928
