mse: 0.2938472628593445
mae: 0.3905837833881378
