mse: 0.2940502166748047
mae: 0.39276358485221863
