mse: 0.31106045842170715
mae: 0.4006401598453522
