mse: 0.2947814464569092
mae: 0.3924873173236847
