mse: 0.29952889680862427
mae: 0.39250919222831726
