mse: 0.2941412925720215
mae: 0.39306047558784485
