mse: 0.2941606342792511
mae: 0.3915695250034332
