mse: 0.2938711941242218
mae: 0.39095452427864075
