mse: 0.2941623032093048
mae: 0.3918688893318176
