mse: 0.29400432109832764
mae: 0.3906523585319519
