mse: 0.29408395290374756
mae: 0.39313235878944397
