mse: 0.2941880226135254
mae: 0.39361369609832764
