mse: 0.29373699426651
mae: 0.39197859168052673
