mse: 0.29407623410224915
mae: 0.3921240568161011
