mse: 0.2944566011428833
mae: 0.39128899574279785
