mse: 0.2988688051700592
mae: 0.3921014964580536
