mse: 0.29426664113998413
mae: 0.3904762864112854
