mse: 0.2939866781234741
mae: 0.3908921480178833
