mse: 0.29524075984954834
mae: 0.3920782804489136
