mse: 0.2948409616947174
mae: 0.3911849856376648
