mse: 0.29378214478492737
mae: 0.3912461996078491
