mse: 0.2940692603588104
mae: 0.3912358283996582
