mse: 0.29433175921440125
mae: 0.39414218068122864
