mse: 0.29391953349113464
mae: 0.3920982778072357
