mse: 0.2945074737071991
mae: 0.3908747136592865
