mse: 0.2940385937690735
mae: 0.3927154839038849
