mse: 0.2940589487552643
mae: 0.39242538809776306
