mse: 0.29408031702041626
mae: 0.39386361837387085
