mse: 0.29468226432800293
mae: 0.39300188422203064
