mse: 0.29864004254341125
mae: 0.3921603262424469
