mse: 0.2941131591796875
mae: 0.3901767432689667
