mse: 0.2941039204597473
mae: 0.3914407193660736
