mse: 0.29457229375839233
mae: 0.39109691977500916
