mse: 0.2938637435436249
mae: 0.39197662472724915
