mse: 0.29395928978919983
mae: 0.39067620038986206
