mse: 0.29382142424583435
mae: 0.39143073558807373
