mse: 0.29379379749298096
mae: 0.39200258255004883
