mse: 0.29412728548049927
mae: 0.39047670364379883
