mse: 0.2944488525390625
mae: 0.3914774954319
