mse: 0.3052995502948761
mae: 0.3959672451019287
