mse: 0.2958686649799347
mae: 0.39198726415634155
