mse: 0.2940349280834198
mae: 0.3930225372314453
