mse: 0.2939646542072296
mae: 0.392229288816452
