mse: 0.2942068874835968
mae: 0.39169514179229736
