mse: 0.2940363883972168
mae: 0.3921990692615509
