mse: 0.2944057881832123
mae: 0.39117366075515747
