mse: 0.2939263880252838
mae: 0.39131391048431396
