mse: 0.2938217222690582
mae: 0.3924647569656372
