mse: 0.2945924699306488
mae: 0.3910980820655823
