mse: 0.29394829273223877
mae: 0.3925420343875885
