mse: 0.29396188259124756
mae: 0.3903850317001343
