mse: 0.30069616436958313
mae: 0.3929579555988312
