mse: 0.29373878240585327
mae: 0.39199942350387573
