mse: 0.3028638958930969
mae: 0.39428240060806274
