mse: 0.29409724473953247
mae: 0.3935447931289673
