mse: 0.29421985149383545
mae: 0.3940165042877197
