mse: 0.29413720965385437
mae: 0.39396539330482483
