mse: 0.2945054769515991
mae: 0.3905939757823944
