mse: 0.29399043321609497
mae: 0.39263543486595154
