mse: 0.2941989302635193
mae: 0.3937060236930847
