mse: 0.2941286265850067
mae: 0.3907214105129242
