mse: 0.2940434217453003
mae: 0.39179348945617676
