mse: 0.293850302696228
mae: 0.39126473665237427
