mse: 0.2942005395889282
mae: 0.39401301741600037
