mse: 0.2940748631954193
mae: 0.3934803009033203
