mse: 0.2940691411495209
mae: 0.3930993974208832
