mse: 0.29388856887817383
mae: 0.39256900548934937
