mse: 0.30800652503967285
mae: 0.39806365966796875
