mse: 0.2945981025695801
mae: 0.39103496074676514
