mse: 0.2938482463359833
mae: 0.3924471139907837
