mse: 0.2941289246082306
mae: 0.39355915784835815
