mse: 0.2939119040966034
mae: 0.3916967213153839
