mse: 0.29432812333106995
mae: 0.3914876878261566
