mse: 0.29398444294929504
mae: 0.39034372568130493
