mse: 0.2939792573451996
mae: 0.3930824100971222
