mse: 0.29390764236450195
mae: 0.392493337392807
