mse: 0.29432231187820435
mae: 0.39419302344322205
