mse: 0.29479503631591797
mae: 0.39095988869667053
