mse: 0.2942150831222534
mae: 0.3940196931362152
