mse: 0.2938673794269562
mae: 0.392048716545105
