mse: 0.29464563727378845
mae: 0.3921917974948883
