mse: 0.29493004083633423
mae: 0.3919515609741211
