mse: 0.2940209209918976
mae: 0.39312151074409485
