mse: 0.29427826404571533
mae: 0.39411163330078125
