mse: 0.29431450366973877
mae: 0.391005277633667
