mse: 0.2940293550491333
mae: 0.3910057544708252
