mse: 0.2938270568847656
mae: 0.3906150162220001
