mse: 0.29408302903175354
mae: 0.39122334122657776
