mse: 0.29372096061706543
mae: 0.39156946539878845
