mse: 0.2937028110027313
mae: 0.3915947377681732
