mse: 0.2939488887786865
mae: 0.39236369729042053
