mse: 0.29431426525115967
mae: 0.39409855008125305
