mse: 0.29402273893356323
mae: 0.3916915953159332
