mse: 0.29410114884376526
mae: 0.39330852031707764
