mse: 0.29407405853271484
mae: 0.3931436538696289
