mse: 0.29428330063819885
mae: 0.39264750480651855
