mse: 0.29464393854141235
mae: 0.3926510810852051
