mse: 0.2943772077560425
mae: 0.392468124628067
