mse: 0.2940710186958313
mae: 0.39201581478118896
