mse: 0.2939925789833069
mae: 0.393051415681839
