mse: 0.29444289207458496
mae: 0.3934948146343231
