mse: 0.2938969135284424
mae: 0.3911471366882324
