mse: 0.29412513971328735
mae: 0.3935450613498688
