mse: 0.29404568672180176
mae: 0.3923458755016327
