mse: 0.2940475642681122
mae: 0.39306092262268066
