mse: 0.29434463381767273
mae: 0.39416196942329407
