mse: 0.29495614767074585
mae: 0.39235562086105347
