mse: 0.2942975163459778
mae: 0.3941153585910797
