mse: 0.2939470410346985
mae: 0.3927125632762909
