mse: 0.2940812110900879
mae: 0.393530011177063
