mse: 0.29395633935928345
mae: 0.3923119902610779
