mse: 0.2938339412212372
mae: 0.39178210496902466
