mse: 0.29427972435951233
mae: 0.39150458574295044
