mse: 0.29397958517074585
mae: 0.39144280552864075
