mse: 0.29377228021621704
mae: 0.3916017711162567
