mse: 0.2942335605621338
mae: 0.3940565884113312
