mse: 0.29427608847618103
mae: 0.39319339394569397
