mse: 0.29381683468818665
mae: 0.391624391078949
