mse: 0.29393044114112854
mae: 0.3929378092288971
