mse: 0.2941592037677765
mae: 0.39014437794685364
