mse: 0.2939855456352234
mae: 0.39205729961395264
