mse: 0.2942178547382355
mae: 0.3910331428050995
