mse: 0.2941981554031372
mae: 0.3934185802936554
