mse: 0.2939998209476471
mae: 0.39270690083503723
