mse: 0.29409608244895935
mae: 0.3931371569633484
