mse: 0.29388976097106934
mae: 0.39265933632850647
