mse: 0.2942553162574768
mae: 0.39135387539863586
