mse: 0.2939661145210266
mae: 0.39186105132102966
