mse: 0.2939683496952057
mae: 0.391973614692688
