mse: 0.29440101981163025
mae: 0.39127835631370544
