mse: 0.29380860924720764
mae: 0.39244046807289124
