mse: 0.29429712891578674
mae: 0.3916667699813843
