mse: 0.29478195309638977
mae: 0.3920602798461914
