mse: 0.2964363396167755
mae: 0.3918549120426178
