mse: 0.2942635715007782
mae: 0.3941171169281006
