mse: 0.29385337233543396
mae: 0.3921625018119812
