mse: 0.2941123843193054
mae: 0.39066699147224426
