mse: 0.2937094569206238
mae: 0.3912297785282135
