mse: 0.29445722699165344
mae: 0.39028096199035645
