mse: 0.294128954410553
mae: 0.3904091417789459
