mse: 0.2941597104072571
mae: 0.39097264409065247
