mse: 0.2939201891422272
mae: 0.3909408450126648
