mse: 0.29431799054145813
mae: 0.3907628655433655
