mse: 0.2940913736820221
mae: 0.3932342529296875
