mse: 0.29375481605529785
mae: 0.3908563256263733
