mse: 0.2937045097351074
mae: 0.3911808729171753
