mse: 0.2942031919956207
mae: 0.3936074674129486
