mse: 0.2940863370895386
mae: 0.39352622628211975
