mse: 0.2950229048728943
mae: 0.39259085059165955
