mse: 0.2978048622608185
mae: 0.3919222056865692
