mse: 0.31908178329467773
nan_count: 0
mae: 0.3593423068523407
nan_count: 0
