mse: 0.40212756395339966
nan_count: 0
mae: 0.4167913496494293
nan_count: 0
