mse: 0.3390998840332031
nan_count: 0
mae: 0.3751601576805115
nan_count: 0
