mse: 0.3920760452747345
nan_count: 0
mae: 0.42043647170066833
nan_count: 0
