mse: 0.33354252576828003
nan_count: 0
mae: 0.37416237592697144
nan_count: 0
