mse: 0.3247758150100708
nan_count: 0
mae: 0.366192102432251
nan_count: 0
