mse: 0.3229042887687683
nan_count: 0
mae: 0.36639535427093506
nan_count: 0
