mse: 0.4135189652442932
nan_count: 0
mae: 0.42886051535606384
nan_count: 0
