mse: 0.3359149992465973
nan_count: 0
mae: 0.3766863942146301
nan_count: 0
