mse: 0.31759902834892273
nan_count: 0
mae: 0.35755571722984314
nan_count: 0
