mse: 0.32388779520988464
nan_count: 0
mae: 0.36518362164497375
nan_count: 0
