mse: 0.3178970515727997
nan_count: 0
mae: 0.3579252362251282
nan_count: 0
