mse: 0.3938177525997162
nan_count: 0
mae: 0.41656580567359924
nan_count: 0
