mse: 0.40321967005729675
nan_count: 0
mae: 0.4232778549194336
nan_count: 0
