mse: 0.32345715165138245
nan_count: 0
mae: 0.366709440946579
nan_count: 0
