mse: 0.3191348910331726
nan_count: 0
mae: 0.3588581383228302
nan_count: 0
