mse: 0.3181470036506653
nan_count: 0
mae: 0.3579949140548706
nan_count: 0
