mse: 0.3247726857662201
nan_count: 0
mae: 0.366967111825943
nan_count: 0
