mse: 0.3177797794342041
nan_count: 0
mae: 0.35783636569976807
nan_count: 0
