mse: 0.3179318308830261
nan_count: 0
mae: 0.3579925000667572
nan_count: 0
