mse: 0.40032538771629333
nan_count: 0
mae: 0.42532020807266235
nan_count: 0
