mse: 0.3915729820728302
nan_count: 0
mae: 0.4265049695968628
nan_count: 0
