mse: 0.3178980350494385
nan_count: 0
mae: 0.35796627402305603
nan_count: 0
