mse: 0.33350440859794617
nan_count: 0
mae: 0.37065646052360535
nan_count: 0
