mse: 0.39619705080986023
nan_count: 0
mae: 0.4201037883758545
nan_count: 0
