mse: 0.41370049118995667
nan_count: 0
mae: 0.4231177568435669
nan_count: 0
