mse: 0.3177451491355896
nan_count: 0
mae: 0.3578280210494995
nan_count: 0
