mse: 0.3187023401260376
nan_count: 0
mae: 0.35873275995254517
nan_count: 0
