mse: 0.31801357865333557
nan_count: 0
mae: 0.35835322737693787
nan_count: 0
