mse: 0.31790515780448914
nan_count: 0
mae: 0.35792040824890137
nan_count: 0
