mse: 0.3284389078617096
nan_count: 0
mae: 0.3696244955062866
nan_count: 0
