mse: 0.41756030917167664
nan_count: 0
mae: 0.43477749824523926
nan_count: 0
