mse: 0.33965015411376953
nan_count: 0
mae: 0.3772033751010895
nan_count: 0
