mse: 0.3293297588825226
nan_count: 0
mae: 0.37002500891685486
nan_count: 0
