mse: 0.31817007064819336
nan_count: 0
mae: 0.35824573040008545
nan_count: 0
