mse: 0.4457519054412842
nan_count: 0
mae: 0.4459380805492401
nan_count: 0
