mse: 0.31855037808418274
nan_count: 0
mae: 0.35846298933029175
nan_count: 0
