mse: 0.42819300293922424
nan_count: 0
mae: 0.4391990303993225
nan_count: 0
