mse: 0.4103601276874542
nan_count: 0
mae: 0.427930623292923
nan_count: 0
