mse: 0.39503031969070435
nan_count: 0
mae: 0.42343899607658386
nan_count: 0
