mse: 0.3284086287021637
nan_count: 0
mae: 0.36748185753822327
nan_count: 0
