mse: 0.3176136910915375
nan_count: 0
mae: 0.3577292263507843
nan_count: 0
