mse: 0.33589160442352295
nan_count: 0
mae: 0.3736764192581177
nan_count: 0
