mse: 0.32540902495384216
nan_count: 0
mae: 0.3681976795196533
nan_count: 0
