mse: 0.33534085750579834
nan_count: 0
mae: 0.3738800883293152
nan_count: 0
