mse: 0.42195388674736023
nan_count: 0
mae: 0.4311915338039398
nan_count: 0
