mse: 0.405313104391098
nan_count: 0
mae: 0.42165231704711914
nan_count: 0
