mse: 0.31778961420059204
nan_count: 0
mae: 0.3577544093132019
nan_count: 0
