mse: 0.3298981189727783
nan_count: 15
mae: 0.3633266091346741
nan_count: 15
