mse: 0.3394123911857605
nan_count: 13
mae: 0.3632729649543762
nan_count: 13
