mse: 0.4521425664424896
nan_count: 0
mae: 0.4585977792739868
nan_count: 0
