mse: 0.4395478665828705
nan_count: 0
mae: 0.45346230268478394
nan_count: 0
