mse: 0.6969507336616516
mae: 0.5880138874053955
