mse: 0.43381500244140625
mae: 0.4986148476600647
