mse: 0.30345186591148376
mae: 0.3556860685348511
