mse: 0.2999217212200165
mae: 0.3538329303264618
