mse: 0.2947752773761749
mae: 0.35084712505340576
