mse: 0.5160163640975952
mae: 0.5502581596374512
