mse: 0.30204492807388306
mae: 0.3573664128780365
