mse: 0.3326078951358795
mae: 0.41255825757980347
