mse: 0.3352561295032501
mae: 0.39958855509757996
