mse: 0.30271556973457336
mae: 0.3552738428115845
