mse: 0.30309149622917175
mae: 0.3555173873901367
