mse: 0.3031536638736725
mae: 0.35551512241363525
