mse: 0.37285318970680237
mae: 0.4466504454612732
