mse: 0.29545333981513977
mae: 0.35225093364715576
