mse: 0.2918536961078644
mae: 0.3522818982601166
