mse: 0.3001522123813629
mae: 0.35390180349349976
