mse: 0.3013779819011688
mae: 0.35426095128059387
