mse: 0.29346174001693726
mae: 0.3518504500389099
