mse: 0.2958524227142334
mae: 0.36284276843070984
