mse: 0.3170759379863739
mae: 0.3959295451641083
