mse: 0.29425179958343506
mae: 0.35208410024642944
