mse: 0.3015197813510895
mae: 0.3545948565006256
