mse: 0.30096903443336487
mae: 0.3748853802680969
