mse: 0.37465089559555054
mae: 0.4486299753189087
