mse: 0.32380053400993347
mae: 0.4035404920578003
