mse: 0.5035516619682312
mae: 0.5428202152252197
