mse: 0.38985201716423035
mae: 0.46366047859191895
