mse: 0.30872562527656555
mae: 0.38504403829574585
