mse: 0.2982868254184723
mae: 0.35351091623306274
