mse: 0.30265241861343384
mae: 0.37814176082611084
