mse: 0.29567986726760864
mae: 0.35216224193573
