mse: 0.3023034930229187
mae: 0.3548167049884796
