mse: 0.2898719608783722
mae: 0.35058513283729553
