mse: 0.4066813290119171
mae: 0.47280946373939514
