mse: 0.32956674695014954
mae: 0.40879005193710327
