mse: 0.2964218258857727
mae: 0.3529244661331177
