mse: 0.2930598855018616
mae: 0.3503086566925049
