mse: 0.29836779832839966
mae: 0.3531247675418854
