mse: 0.3489469885826111
mae: 0.424902081489563
