mse: 0.29450806975364685
mae: 0.3582749366760254
