mse: 0.6362210512161255
mae: 0.6176533102989197
