mse: 0.29202091693878174
mae: 0.35661017894744873
