mse: 0.5663283467292786
mae: 0.5856305956840515
