mse: 0.40722423791885376
mae: 0.4518129527568817
