mse: 0.33175668120384216
mae: 0.41165244579315186
