mse: 0.30301228165626526
mae: 0.3788890838623047
