mse: 0.3027011752128601
mae: 0.3552875816822052
