mse: 0.2939823567867279
mae: 0.3627997636795044
