mse: 0.33674243092536926
mae: 0.40114516019821167
