mse: 0.2894165515899658
mae: 0.3512919247150421
