mse: 0.2971894443035126
mae: 0.3527020215988159
