mse: 0.345022052526474
mae: 0.42400452494621277
