mse: 0.3035311698913574
mae: 0.35576122999191284
