mse: 0.7727557420730591
mae: 0.6815793514251709
