mse: 0.35154324769973755
mae: 0.4274710714817047
