mse: 0.43958207964897156
mae: 0.4965420365333557
