mse: 0.3026862144470215
mae: 0.35527852177619934
