mse: 0.2932720184326172
mae: 0.3618382215499878
