mse: 0.29173532128334045
mae: 0.35278958082199097
