mse: 0.3038827180862427
mae: 0.35597214102745056
