mse: 0.35854995250701904
mae: 0.43703097105026245
