mse: 0.2954733073711395
mae: 0.3663484454154968
