mse: 0.5772974491119385
mae: 0.5859390497207642
