mse: 0.6377260088920593
mae: 0.6258056163787842
