mse: 0.35914111137390137
mae: 0.43764573335647583
