mse: 0.29837316274642944
mae: 0.3531370759010315
