mse: 0.301880419254303
mae: 0.35480043292045593
