mse: 0.29839903116226196
mae: 0.3531138300895691
