mse: 0.2990848422050476
mae: 0.3534945249557495
