mse: 0.30353212356567383
mae: 0.35575976967811584
