mse: 0.3051973581314087
mae: 0.3811013400554657
