mse: 0.570044994354248
mae: 0.5892067551612854
