mse: 0.3031269907951355
mae: 0.3555358648300171
