mse: 0.3046191930770874
mae: 0.3804953992366791
