mse: 0.4881412982940674
mae: 0.5384346842765808
