mse: 0.3453247547149658
mae: 0.4242422878742218
