mse: 0.2932496666908264
mae: 0.352115273475647
