mse: 0.3028346300125122
mae: 0.35526391863822937
