mse: 0.29257380962371826
mae: 0.35282063484191895
