mse: 0.4779565930366516
mae: 0.49073439836502075
