mse: 0.29699185490608215
mae: 0.35259464383125305
