mse: 0.2924613952636719
mae: 0.3529680371284485
