mse: 0.2982715368270874
mae: 0.35310879349708557
