mse: 0.30393391847610474
mae: 0.35602322220802307
