mse: 0.2939613163471222
mae: 0.35183414816856384
