mse: 0.3458707630634308
mae: 0.4232286810874939
