mse: 0.2902339696884155
mae: 0.35207563638687134
