mse: 0.39855825901031494
mae: 0.4705423414707184
