mse: 0.4513317346572876
mae: 0.5090407133102417
