mse: 0.3280471861362457
mae: 0.4074014723300934
