mse: 0.2982408404350281
mae: 0.3713139593601227
