mse: 0.2994748055934906
mae: 0.35649576783180237
