mse: 0.4461740553379059
mae: 0.5072592496871948
