mse: 0.3762074410915375
mae: 0.4487081468105316
