mse: 0.29646843671798706
mae: 0.3525526821613312
