mse: 0.2974853813648224
mae: 0.3702046573162079
