mse: 0.293630987405777
mae: 0.3520309031009674
