mse: 0.2927866578102112
mae: 0.3526124060153961
