mse: 0.3063775300979614
mae: 0.38221287727355957
