mse: 0.30012089014053345
mae: 0.3539145290851593
