mse: 0.292531818151474
mae: 0.35268107056617737
