mse: 0.30266880989074707
mae: 0.3552742600440979
