mse: 0.3052375316619873
mae: 0.381190687417984
