mse: 0.30618786811828613
mae: 0.36771711707115173
