mse: 0.44781866669654846
mae: 0.5062769651412964
