mse: 0.3555379807949066
mae: 0.43373656272888184
