mse: 0.29257845878601074
mae: 0.35323628783226013
