mse: 0.3656826913356781
mae: 0.44300365447998047
