mse: 0.36370760202407837
mae: 0.4409247934818268
