mse: 0.32804208993911743
mae: 0.40486252307891846
