mse: 0.3451509475708008
mae: 0.42179596424102783
