mse: 0.2947118878364563
mae: 0.3582078814506531
