mse: 0.30247893929481506
mae: 0.35509762167930603
