mse: 0.3058094382286072
mae: 0.3820238709449768
