mse: 0.31786471605300903
mae: 0.396979421377182
