mse: 0.36930373311042786
mae: 0.44635632634162903
