mse: 0.3031427562236786
mae: 0.35549691319465637
