mse: 0.29146769642829895
mae: 0.35299772024154663
