mse: 0.3042670488357544
mae: 0.3797791302204132
