mse: 0.2911609411239624
mae: 0.3526884913444519
