mse: 0.3270682692527771
mae: 0.4066167175769806
