mse: 0.5004045963287354
mae: 0.5445355176925659
