mse: 0.29442593455314636
mae: 0.3519801199436188
