mse: 0.2942977547645569
mae: 0.3521042764186859
