mse: 0.3292138874530792
mae: 0.4085599184036255
