mse: 0.29773062467575073
mae: 0.3707958459854126
