mse: 0.31001055240631104
mae: 0.37315019965171814
