mse: 0.518368661403656
mae: 0.5520565509796143
