mse: 0.2916187644004822
mae: 0.3500552773475647
