mse: 0.3003004491329193
mae: 0.35401296615600586
