mse: 0.2939050495624542
mae: 0.35051101446151733
