mse: 0.2936710715293884
mae: 0.3521457314491272
