mse: 0.3047265112400055
mae: 0.38072365522384644
