mse: 0.30484941601753235
mae: 0.378174364566803
