mse: 0.298111230134964
mae: 0.3710663914680481
