mse: 0.3996666371822357
mae: 0.4718628227710724
