mse: 0.2927524149417877
mae: 0.352823942899704
