mse: 0.4495371878147125
mae: 0.5098648071289062
