mse: 0.2968417704105377
mae: 0.3526996672153473
