mse: 0.2950007915496826
mae: 0.35195496678352356
