mse: 0.3220774829387665
mae: 0.4017644226551056
