mse: 0.29448428750038147
mae: 0.3526158034801483
