mse: 0.3419189453125
mae: 0.42091163992881775
