mse: 0.29468101263046265
mae: 0.35217195749282837
