mse: 0.3226567506790161
mae: 0.4004473090171814
