mse: 0.29152166843414307
mae: 0.3563159704208374
