mse: 0.29290133714675903
mae: 0.3523556888103485
