mse: 0.30265071988105774
mae: 0.35519909858703613
