mse: 0.2955612242221832
mae: 0.3521903157234192
