mse: 0.3025463819503784
mae: 0.3559509813785553
