mse: 0.562904953956604
mae: 0.5772888660430908
