mse: 0.30341944098472595
mae: 0.3558310270309448
