mse: 0.30000391602516174
mae: 0.3538534939289093
