mse: 0.3230321705341339
mae: 0.3997807800769806
