mse: 0.32057294249534607
mae: 0.3982129991054535
