mse: 0.2931526005268097
mae: 0.36191603541374207
