mse: 0.2924473285675049
mae: 0.352958619594574
