mse: 0.3483503460884094
mae: 0.4277051091194153
