mse: 0.2933775782585144
mae: 0.3520037829875946
