mse: 0.2922585904598236
mae: 0.3524557054042816
