mse: 0.6444982290267944
mae: 0.6216399073600769
