mse: 0.2968226969242096
mae: 0.35258370637893677
