mse: 0.5762330293655396
mae: 0.5881482362747192
