mse: 0.2983790934085846
mae: 0.3532606065273285
