mse: 0.8831826448440552
mae: 0.7313741445541382
