mse: 0.2930029034614563
mae: 0.361631840467453
