mse: 0.29169267416000366
mae: 0.35263219475746155
