mse: 0.29142099618911743
mae: 0.35659217834472656
