mse: 0.5704418420791626
mae: 0.5823529958724976
