mse: 0.30386510491371155
mae: 0.35600152611732483
