mse: 0.2914072275161743
mae: 0.35625138878822327
