mse: 0.6512100696563721
mae: 0.6250124573707581
