mse: 0.2911507785320282
mae: 0.352851927280426
