mse: 0.5084346532821655
mae: 0.5460080504417419
