mse: 0.29584836959838867
mae: 0.3523561954498291
