mse: 0.30201318860054016
mae: 0.3595072627067566
