mse: 0.293259859085083
mae: 0.35203397274017334
