mse: 0.3280866742134094
mae: 0.4081321060657501
