mse: 0.2926729619503021
mae: 0.3612370491027832
