mse: 0.2914527654647827
mae: 0.3559313416481018
