mse: 0.2983171045780182
mae: 0.3531329333782196
