mse: 0.2931441366672516
mae: 0.3621549606323242
