mse: 0.30160921812057495
mae: 0.35465207695961
