mse: 0.2926183342933655
mae: 0.35321834683418274
