mse: 0.29617393016815186
mae: 0.35224124789237976
