mse: 0.37825721502304077
mae: 0.4330984652042389
