mse: 0.2925858497619629
mae: 0.35196173191070557
