mse: 0.2918531596660614
mae: 0.3525111675262451
