mse: 0.29255276918411255
mae: 0.3528522551059723
