mse: 0.29358401894569397
mae: 0.35204315185546875
