mse: 0.2982371151447296
mae: 0.368235319852829
