mse: 0.3145039975643158
mae: 0.3926640450954437
