mse: 0.2929973602294922
mae: 0.35308611392974854
