mse: 0.2985394597053528
mae: 0.35314667224884033
