mse: 0.5649216771125793
mae: 0.5795714259147644
