mse: 0.29513296484947205
mae: 0.3542567491531372
