mse: 0.31608396768569946
mae: 0.39435049891471863
