mse: 0.29565250873565674
mae: 0.3626362979412079
