mse: 0.2912464737892151
mae: 0.3533487617969513
