mse: 0.32700175046920776
mae: 0.4065457582473755
