mse: 0.4310168921947479
mae: 0.4914158880710602
