mse: 0.35694703459739685
mae: 0.43570148944854736
