mse: 0.3034802973270416
mae: 0.3556899130344391
