mse: 0.5651102662086487
mae: 0.5842341780662537
