mse: 0.30391454696655273
mae: 0.35592761635780334
