mse: 0.29320162534713745
mae: 0.3615511655807495
