mse: 0.3147921860218048
mae: 0.39256200194358826
