mse: 0.39491865038871765
mae: 0.4670933783054352
