mse: 0.3293667137622833
mae: 0.4087051749229431
