mse: 0.567807137966156
mae: 0.5851833820343018
