mse: 0.35856354236602783
mae: 0.43720299005508423
