mse: 0.3037742078304291
mae: 0.3559012711048126
