mse: 0.29434654116630554
mae: 0.351971834897995
