mse: 0.3055947721004486
mae: 0.3821333944797516
