mse: 0.6305198669433594
mae: 0.6168327331542969
