mse: 0.2915123999118805
mae: 0.35636794567108154
