mse: 0.2964578866958618
mae: 0.3525558114051819
