mse: 0.2956041395664215
mae: 0.3522016108036041
