mse: 0.3031480312347412
mae: 0.3555436432361603
