mse: 0.3433912992477417
mae: 0.4225640296936035
