mse: 0.2948494255542755
mae: 0.352085679769516
