mse: 0.30167555809020996
mae: 0.35468077659606934
