mse: 0.29692962765693665
mae: 0.3525788187980652
