mse: 0.29646238684654236
mae: 0.3525337874889374
