mse: 0.29565128684043884
mae: 0.3522252142429352
