mse: 0.2924879789352417
mae: 0.35277730226516724
