mse: 0.37738823890686035
mae: 0.44987753033638
