mse: 0.30050307512283325
mae: 0.37411344051361084
