mse: 0.29894328117370605
mae: 0.35283780097961426
