mse: 0.2943841218948364
mae: 0.35201677680015564
