mse: 0.29010578989982605
mae: 0.3518713116645813
