mse: 0.29342135787010193
mae: 0.3623124063014984
