mse: 0.3029111623764038
mae: 0.35568881034851074
