mse: 0.3637794852256775
mae: 0.44090700149536133
