mse: 0.4408423900604248
mae: 0.4716460704803467
