mse: 0.45908376574516296
mae: 0.5144986510276794
