mse: 0.29214245080947876
mae: 0.3591301143169403
