mse: 0.5037986636161804
mae: 0.5477355122566223
