mse: 0.293371319770813
mae: 0.3519568145275116
