mse: 0.3017290234565735
mae: 0.3554007411003113
