mse: 0.29384252429008484
mae: 0.3635448217391968
