mse: 0.3101097643375397
mae: 0.37285465002059937
