mse: 0.4430997967720032
mae: 0.5037475824356079
