mse: 0.29660218954086304
mae: 0.36910632252693176
