mse: 0.2996152639389038
mae: 0.3537505865097046
