mse: 0.295913428068161
mae: 0.3532031774520874
