mse: 0.3047126233577728
mae: 0.3804881274700165
