mse: 0.3165633976459503
mae: 0.39465582370758057
