mse: 0.3036595582962036
mae: 0.3558129370212555
