mse: 0.29253605008125305
mae: 0.35308584570884705
