mse: 0.2941664457321167
mae: 0.36282995343208313
