mse: 0.3031601309776306
mae: 0.3555425703525543
