mse: 0.30426621437072754
mae: 0.379585325717926
