mse: 0.3062037229537964
mae: 0.38297662138938904
