mse: 0.3015192449092865
mae: 0.35461345314979553
