mse: 0.2970373034477234
mae: 0.35257163643836975
