mse: 0.3036307990550995
mae: 0.36318838596343994
