mse: 0.29656094312667847
mae: 0.35252881050109863
