mse: 0.29246431589126587
mae: 0.35253074765205383
