mse: 0.2953175902366638
mae: 0.3544103801250458
