mse: 0.30005213618278503
mae: 0.3558199107646942
