mse: 0.297120064496994
mae: 0.3527067303657532
