mse: 0.3598393201828003
mae: 0.4371233284473419
