mse: 0.30419957637786865
mae: 0.3561874330043793
