mse: 0.29328763484954834
mae: 0.3624064028263092
