mse: 0.32602208852767944
mae: 0.40560004115104675
