mse: 0.30391424894332886
mae: 0.35588890314102173
