mse: 0.3144812285900116
mae: 0.39110368490219116
