mse: 0.2928641438484192
mae: 0.36119040846824646
