mse: 0.2946818768978119
mae: 0.352078914642334
