mse: 0.44951725006103516
mae: 0.5100913643836975
