mse: 0.3072058856487274
mae: 0.3843415677547455
