mse: 0.3039928376674652
mae: 0.3632557988166809
