mse: 0.2911752164363861
mae: 0.3533555865287781
