mse: 0.3035142421722412
mae: 0.35574623942375183
