mse: 0.30659374594688416
mae: 0.3834969997406006
