mse: 0.6349632740020752
mae: 0.6237428188323975
