mse: 0.30041664838790894
mae: 0.35557812452316284
