mse: 0.3162812888622284
mae: 0.39464864134788513
