mse: 0.3561611771583557
mae: 0.43426740169525146
