mse: 0.3292297124862671
mae: 0.40945836901664734
