mse: 0.4614373743534088
mae: 0.5135458111763
