mse: 0.4138264060020447
mae: 0.4782603979110718
