mse: 0.29345837235450745
mae: 0.36291036009788513
