mse: 0.29537129402160645
mae: 0.352744460105896
