mse: 0.3031415343284607
mae: 0.35551849007606506
