mse: 0.4577470123767853
mae: 0.5098603963851929
