mse: 0.29751864075660706
mae: 0.36998483538627625
