mse: 0.29840153455734253
mae: 0.37197446823120117
