mse: 0.296057790517807
mae: 0.3523416817188263
