mse: 0.3030887246131897
mae: 0.3554536998271942
