mse: 0.30040374398231506
mae: 0.35398364067077637
