mse: 0.30153557658195496
mae: 0.3546365201473236
