mse: 0.2997034192085266
mae: 0.3703938126564026
