mse: 0.3306039869785309
mae: 0.41028499603271484
