mse: 0.29306232929229736
mae: 0.36226344108581543
