mse: 0.29271435737609863
mae: 0.35218939185142517
