mse: 0.2924058437347412
mae: 0.35225409269332886
