mse: 0.6333665251731873
mae: 0.6210412383079529
