mse: 0.30190974473953247
mae: 0.35474708676338196
