mse: 0.293634295463562
mae: 0.353005588054657
