mse: 0.4145503044128418
mae: 0.48002076148986816
