mse: 0.2920456826686859
mae: 0.3525428771972656
