mse: 0.2965295910835266
mae: 0.3525199890136719
