mse: 0.2956574857234955
mae: 0.3628664016723633
