mse: 0.2968786060810089
mae: 0.3525621294975281
