mse: 0.3623923361301422
mae: 0.4409807324409485
