mse: 0.292715460062027
mae: 0.35218432545661926
