mse: 0.3153052031993866
mae: 0.3935254216194153
