mse: 0.29133135080337524
mae: 0.3530140519142151
