mse: 0.3615559935569763
mae: 0.43905678391456604
