mse: 0.2924915552139282
mae: 0.35310524702072144
