mse: 0.3445092439651489
mae: 0.4234410226345062
