mse: 0.32646477222442627
mae: 0.40603020787239075
