mse: 0.3002657890319824
mae: 0.3539954125881195
