mse: 0.30281317234039307
mae: 0.3553144037723541
