mse: 0.2967062294483185
mae: 0.3525448143482208
