mse: 0.29351699352264404
mae: 0.3624957799911499
