mse: 0.29656118154525757
mae: 0.3525329530239105
