mse: 0.44801273941993713
mae: 0.508101224899292
