mse: 0.2943814694881439
mae: 0.3575630187988281
