mse: 0.31483957171440125
mae: 0.37922343611717224
