mse: 0.29328811168670654
mae: 0.35211795568466187
