mse: 0.3157043755054474
mae: 0.3940339982509613
