mse: 0.5823269486427307
mae: 0.5849558711051941
