mse: 0.29885363578796387
mae: 0.37285083532333374
