mse: 0.29892006516456604
mae: 0.3532622456550598
