mse: 0.32531851530075073
mae: 0.4043290913105011
