mse: 0.2991900146007538
mae: 0.35354408621788025
