mse: 0.36770230531692505
mae: 0.4449271559715271
