mse: 0.29226991534233093
mae: 0.3527516722679138
