mse: 0.29127633571624756
mae: 0.3530566692352295
