mse: 0.29234641790390015
mae: 0.35217541456222534
