mse: 0.302697092294693
mae: 0.3552919626235962
