mse: 0.3549044132232666
mae: 0.43382298946380615
