mse: 0.30207428336143494
mae: 0.37479639053344727
