mse: 0.3061548173427582
mae: 0.38295838236808777
