mse: 0.30079129338264465
mae: 0.3554046154022217
