mse: 0.30526021122932434
mae: 0.37890538573265076
