mse: 0.29974523186683655
mae: 0.35610586404800415
