mse: 0.29471641778945923
mae: 0.3551064431667328
