mse: 0.3637674152851105
mae: 0.4410209655761719
