mse: 0.3015182614326477
mae: 0.35462746024131775
