mse: 0.30481815338134766
mae: 0.38034501671791077
