mse: 0.2986662685871124
mae: 0.353254109621048
