mse: 0.2918153703212738
mae: 0.3524402678012848
