mse: 0.2978399693965912
mae: 0.3706668019294739
