mse: 0.3059246838092804
mae: 0.3815886378288269
