mse: 0.305288165807724
mae: 0.38129541277885437
