mse: 0.2930847704410553
mae: 0.35234522819519043
