mse: 0.30544427037239075
mae: 0.3815566897392273
