mse: 0.30177393555641174
mae: 0.3547496795654297
