mse: 0.3014921247959137
mae: 0.3546123206615448
