mse: 0.4016994833946228
mae: 0.4731096923351288
