mse: 0.306732177734375
mae: 0.3812747597694397
