mse: 0.293842613697052
mae: 0.3520316779613495
