mse: 0.2955477833747864
mae: 0.3522026240825653
