mse: 0.30349376797676086
mae: 0.35571449995040894
