mse: 0.29265207052230835
mae: 0.35298997163772583
