mse: 0.31851980090141296
mae: 0.39771386981010437
