mse: 0.2960381507873535
mae: 0.35328951478004456
