mse: 0.3030957579612732
mae: 0.35532793402671814
