mse: 0.2987172603607178
mae: 0.37257012724876404
