mse: 0.29118987917900085
mae: 0.35321465134620667
