mse: 0.4573366343975067
mae: 0.5154001712799072
