mse: 0.5492700934410095
mae: 0.5785977244377136
