mse: 0.3302120864391327
mae: 0.4104599952697754
