mse: 0.5021207332611084
mae: 0.5456879734992981
