mse: 0.6731040477752686
mae: 0.6331029534339905
