mse: 0.2983022928237915
mae: 0.3531225919723511
