mse: 0.2999938428401947
mae: 0.35386723279953003
