mse: 0.3035602271556854
mae: 0.3556913435459137
