mse: 0.40713027119636536
mae: 0.47749093174934387
