mse: 0.29137980937957764
mae: 0.3547491133213043
