mse: 0.6322273015975952
mae: 0.6227447986602783
