mse: 0.30310338735580444
mae: 0.3554721474647522
