mse: 0.421554833650589
mae: 0.48901426792144775
