mse: 0.29250967502593994
mae: 0.3530794084072113
