mse: 0.29171687364578247
mae: 0.35324782133102417
