mse: 0.3023669421672821
mae: 0.3555268347263336
