mse: 0.29257693886756897
mae: 0.35274428129196167
