mse: 0.3035256564617157
mae: 0.35575780272483826
