mse: 0.3999941945075989
mae: 0.47231563925743103
