mse: 0.6383457183837891
mae: 0.6273798942565918
