mse: 0.29330527782440186
mae: 0.36220118403434753
