mse: 0.2968357503414154
mae: 0.35259008407592773
