mse: 0.29692521691322327
mae: 0.3525848090648651
