mse: 0.30141445994377136
mae: 0.3545524775981903
