mse: 0.29548072814941406
mae: 0.35225585103034973
