mse: 0.2897687256336212
mae: 0.3543272018432617
