mse: 0.29873228073120117
mae: 0.3714292347431183
