mse: 0.4448322653770447
mae: 0.5052165389060974
