mse: 0.2934061884880066
mae: 0.3630053699016571
