mse: 0.2981413006782532
mae: 0.3532032370567322
