mse: 0.3003820478916168
mae: 0.35403797030448914
