mse: 0.2926398813724518
mae: 0.35284459590911865
