mse: 0.29251134395599365
mae: 0.35213062167167664
