mse: 0.291619211435318
mae: 0.3568708002567291
