mse: 0.29158180952072144
mae: 0.35284069180488586
