mse: 0.3467639088630676
mae: 0.4260523319244385
