mse: 0.29837268590927124
mae: 0.3531254231929779
