mse: 0.3639836311340332
mae: 0.4424809217453003
