mse: 0.4556700587272644
mae: 0.5120636820793152
