mse: 0.40471357107162476
mae: 0.47555011510849
