mse: 0.2998913526535034
mae: 0.35382941365242004
