mse: 0.31202471256256104
mae: 0.38705161213874817
