mse: 0.29738861322402954
mae: 0.3527294397354126
