mse: 0.3032985329627991
mae: 0.35553327202796936
