mse: 0.3170892000198364
mae: 0.3947194218635559
