mse: 0.32872357964515686
mae: 0.40801751613616943
