mse: 0.2995113432407379
mae: 0.37105029821395874
