mse: 0.29451391100883484
mae: 0.352832555770874
