mse: 0.2925297021865845
mae: 0.3521946668624878
