mse: 0.303204208612442
mae: 0.3555392324924469
