mse: 0.5828961133956909
mae: 0.5890293717384338
