mse: 0.33925125002861023
mae: 0.41794276237487793
