mse: 0.2959216833114624
mae: 0.35234662890434265
