mse: 0.29131385684013367
mae: 0.35571834444999695
