mse: 0.33806416392326355
mae: 0.4180416464805603
