mse: 0.3427029550075531
mae: 0.42138251662254333
