mse: 0.2926751971244812
mae: 0.3529428243637085
