mse: 0.30264413356781006
mae: 0.3552616238594055
