mse: 0.29685258865356445
mae: 0.35257965326309204
