mse: 0.2915964126586914
mae: 0.35694560408592224
