mse: 0.29186397790908813
mae: 0.35256078839302063
