mse: 0.3348756432533264
mae: 0.41179388761520386
