mse: 0.3879593014717102
mae: 0.46276170015335083
