mse: 0.3495216965675354
mae: 0.42885491251945496
