mse: 0.35784271359443665
mae: 0.4363729655742645
