mse: 0.3058210015296936
mae: 0.38188642263412476
