mse: 0.30266302824020386
mae: 0.355222225189209
