mse: 0.29343798756599426
mae: 0.36217671632766724
