mse: 0.2915824353694916
mae: 0.35569581389427185
