mse: 0.2905313968658447
mae: 0.35013797879219055
