mse: 0.39613452553749084
mae: 0.468151330947876
