mse: 0.29308590292930603
mae: 0.35323309898376465
