mse: 0.29874956607818604
mae: 0.3532722294330597
