mse: 0.5639811754226685
mae: 0.5839487910270691
