mse: 0.29117661714553833
mae: 0.35296496748924255
