mse: 0.3130296468734741
mae: 0.38875171542167664
