mse: 0.29265230894088745
mae: 0.35292327404022217
