mse: 0.29241031408309937
mae: 0.35943111777305603
