mse: 0.2922954261302948
mae: 0.3523827791213989
