mse: 0.3274579346179962
mae: 0.4063015580177307
