mse: 0.2917540669441223
mae: 0.35246917605400085
