mse: 0.30270662903785706
mae: 0.35524311661720276
