mse: 0.36304017901420593
mae: 0.4401903748512268
