mse: 0.29711806774139404
mae: 0.35249805450439453
