mse: 0.29228824377059937
mae: 0.35957208275794983
