mse: 0.5005351305007935
mae: 0.5370954871177673
