mse: 0.30120939016342163
mae: 0.3553351163864136
