mse: 0.5071225762367249
mae: 0.5506368279457092
