mse: 0.3623971939086914
mae: 0.4399668872356415
