mse: 0.3543761074542999
mae: 0.41565969586372375
