mse: 0.3000504672527313
mae: 0.3538566529750824
