mse: 0.5138388872146606
mae: 0.5492715239524841
