mse: 0.36037057638168335
mae: 0.4390665590763092
