mse: 0.29306560754776
mae: 0.3518783152103424
