mse: 0.2916111350059509
mae: 0.35250324010849
