mse: 0.2944886088371277
mae: 0.3519052565097809
