mse: 0.30100056529045105
mae: 0.3543933629989624
