mse: 0.29356029629707336
mae: 0.36341214179992676
