mse: 0.2999432384967804
mae: 0.3538426458835602
