mse: 0.2944018542766571
mae: 0.35200244188308716
