mse: 0.2928946316242218
mae: 0.35272330045700073
