mse: 0.2966107130050659
mae: 0.3525316119194031
