mse: 0.2936832010746002
mae: 0.3526040017604828
