mse: 0.31882765889167786
mae: 0.396592915058136
