mse: 0.2937794327735901
mae: 0.363637775182724
