mse: 0.2954675853252411
mae: 0.35221683979034424
