mse: 0.29723477363586426
mae: 0.3529753088951111
