mse: 0.2915903925895691
mae: 0.35620641708374023
