mse: 0.32099586725234985
mae: 0.3978569209575653
