mse: 0.2966860234737396
mae: 0.3516682982444763
