mse: 0.29332849383354187
mae: 0.351940393447876
