mse: 0.3026704490184784
mae: 0.3552861511707306
