mse: 0.2999599874019623
mae: 0.3538494408130646
