mse: 0.3312292695045471
mae: 0.40936076641082764
