mse: 0.5077242851257324
mae: 0.5431686043739319
