mse: 0.5077750086784363
mae: 0.5505366921424866
