mse: 0.30757594108581543
mae: 0.3825294077396393
