mse: 0.29631468653678894
mae: 0.3528329133987427
