mse: 0.3032154142856598
mae: 0.3554912209510803
