mse: 0.2917523980140686
mae: 0.3527522683143616
