mse: 0.3505654036998749
mae: 0.4301876723766327
