mse: 0.32008928060531616
mae: 0.38484179973602295
