mse: 0.3972214162349701
mae: 0.4698958694934845
