mse: 0.3015090823173523
mae: 0.354636549949646
