mse: 0.3037028908729553
mae: 0.35584741830825806
