mse: 0.3451162278652191
mae: 0.42418351769447327
