mse: 0.505378246307373
mae: 0.5476301908493042
