mse: 0.2924337089061737
mae: 0.35210537910461426
