mse: 0.30171188712120056
mae: 0.35718128085136414
