mse: 0.2975221574306488
mae: 0.35268402099609375
