mse: 0.29237088561058044
mae: 0.35233837366104126
