mse: 0.3251212537288666
mae: 0.40427225828170776
