mse: 0.3268861472606659
mae: 0.4060605764389038
