mse: 0.292949914932251
mae: 0.3522322475910187
