mse: 0.3205839693546295
mae: 0.38568979501724243
