mse: 0.3275827467441559
mae: 0.4070076048374176
