mse: 0.2968689501285553
mae: 0.352559357881546
