mse: 0.32790181040763855
mae: 0.39306503534317017
