mse: 0.2942688763141632
mae: 0.35204461216926575
