mse: 0.32974377274513245
mae: 0.4063744843006134
