mse: 0.2924448549747467
mae: 0.35235464572906494
