mse: 0.2980940341949463
mae: 0.36767578125
