mse: 0.6152210831642151
mae: 0.6173452734947205
