mse: 0.39900535345077515
mae: 0.4706762433052063
