mse: 0.30348196625709534
mae: 0.35575422644615173
