mse: 0.2972238063812256
mae: 0.35292476415634155
