mse: 0.6338270902633667
mae: 0.6229038834571838
