mse: 0.570026159286499
mae: 0.5883546471595764
