mse: 0.2964855432510376
mae: 0.35235005617141724
