mse: 0.30311235785484314
mae: 0.3555382192134857
