mse: 0.3034955561161041
mae: 0.35574769973754883
