mse: 0.29852861166000366
mae: 0.3532140552997589
