mse: 0.29371365904808044
mae: 0.36333703994750977
