mse: 0.31232622265815735
mae: 0.39062535762786865
