mse: 0.30313339829444885
mae: 0.35552993416786194
