mse: 0.29294875264167786
mae: 0.35214513540267944
