mse: 0.2934376895427704
mae: 0.3625963032245636
