mse: 0.2996504008769989
mae: 0.37125152349472046
