mse: 0.34199514985084534
mae: 0.41991183161735535
