mse: 0.36072421073913574
mae: 0.43777406215667725
