mse: 0.2961289882659912
mae: 0.35328036546707153
