mse: 0.30370786786079407
mae: 0.3558104336261749
