mse: 0.3068573772907257
mae: 0.3838648200035095
