mse: 0.3022882640361786
mae: 0.355031281709671
