mse: 0.3015379011631012
mae: 0.35463574528694153
