mse: 0.2524457573890686
mae: 0.3091824948787689
