mse: 0.26154857873916626
mae: 0.31992027163505554
