mse: 0.31554800271987915
mae: 0.37882059812545776
