mse: 0.2528017461299896
mae: 0.3085794746875763
