mse: 0.27312415838241577
mae: 0.331659197807312
