mse: 0.2937849462032318
mae: 0.36010444164276123
