mse: 0.2541556656360626
mae: 0.31369298696517944
