mse: 0.258109450340271
mae: 0.31614065170288086
