mse: 0.25444915890693665
mae: 0.3116196393966675
