mse: 0.2528652250766754
mae: 0.31084468960762024
