mse: 0.25298789143562317
mae: 0.3094739317893982
