mse: 0.2527446150779724
mae: 0.30857405066490173
