mse: 0.26785290241241455
mae: 0.33333441615104675
