mse: 0.2566453516483307
mae: 0.3180633783340454
