mse: 0.25266048312187195
mae: 0.30889639258384705
