mse: 0.2558569610118866
mae: 0.313467800617218
