mse: 0.26093390583992004
mae: 0.3244583010673523
