mse: 0.27837881445884705
mae: 0.34507986903190613
