mse: 0.252596914768219
mae: 0.3085974454879761
