mse: 0.26643478870391846
mae: 0.32503741979599
