mse: 0.34586089849472046
mae: 0.4019218683242798
