mse: 0.2535652220249176
mae: 0.3103524148464203
