mse: 0.31008827686309814
nan_count: 1
mae: 0.3496343791484833
nan_count: 1
