mse: 0.3100089430809021
nan_count: 1
mae: 0.3494873046875
nan_count: 1
