mse: 0.34602460265159607
mae: 0.3774397671222687
