mse: 0.3445078730583191
mae: 0.37544867396354675
