mse: 0.3453327715396881
mae: 0.3758414387702942
