mse: 0.34446388483047485
mae: 0.37524861097335815
