mse: 0.3445500433444977
mae: 0.37532275915145874
