mse: 0.344368577003479
mae: 0.375084787607193
