mse: 0.34456750750541687
mae: 0.375324547290802
