mse: 0.34491875767707825
mae: 0.3752540051937103
