mse: 0.34460926055908203
mae: 0.37532612681388855
