mse: 0.37267476320266724
mae: 0.41130295395851135
