mse: 0.344603568315506
mae: 0.3776587247848511
