mse: 0.3451288938522339
mae: 0.3754517138004303
