mse: 0.3451808989048004
mae: 0.3766973316669464
