mse: 0.3574739992618561
mae: 0.396286278963089
