mse: 0.34468933939933777
mae: 0.3754175007343292
