mse: 0.4769071936607361
mae: 0.4932173192501068
