mse: 0.3445863425731659
mae: 0.3755703866481781
