mse: 0.3726644217967987
mae: 0.4107060730457306
