mse: 0.34469130635261536
mae: 0.3756541609764099
