mse: 0.3456484377384186
mae: 0.3796326518058777
