mse: 0.4400468170642853
mae: 0.46730610728263855
