mse: 0.3459349274635315
mae: 0.38022470474243164
