mse: 0.3450641334056854
mae: 0.37535348534584045
