mse: 0.35133135318756104
mae: 0.38669148087501526
