mse: 0.34464460611343384
mae: 0.37507542967796326
