mse: 0.34668755531311035
mae: 0.38165050745010376
