mse: 0.3902789056301117
mae: 0.42994600534439087
