mse: 0.3527810275554657
mae: 0.38843995332717896
