mse: 0.36009082198143005
mae: 0.3980008363723755
