mse: 0.42559269070625305
mae: 0.4576139748096466
