mse: 0.4003945291042328
mae: 0.43542084097862244
