mse: 0.35197508335113525
mae: 0.38791754841804504
