mse: 0.4298887252807617
mae: 0.4596811830997467
