mse: 0.3624313473701477
mae: 0.40049442648887634
