mse: 0.36065924167633057
mae: 0.39985257387161255
