mse: 0.36043763160705566
mae: 0.3986559212207794
