mse: 0.38630637526512146
mae: 0.42576828598976135
