mse: 0.36500534415245056
mae: 0.40232715010643005
