mse: 0.344560831785202
mae: 0.3755214512348175
