mse: 0.3444083034992218
mae: 0.37519901990890503
