mse: 0.3733315169811249
mae: 0.4109688103199005
