mse: 0.34540775418281555
mae: 0.37700384855270386
