mse: 0.3442728817462921
mae: 0.37679219245910645
