mse: 0.3442097008228302
mae: 0.376669704914093
