mse: 0.3478960394859314
mae: 0.3825235068798065
