mse: 0.34478724002838135
mae: 0.37509551644325256
