mse: 0.34458449482917786
mae: 0.37545013427734375
