mse: 0.3449694812297821
mae: 0.37858280539512634
