mse: 0.3448605537414551
mae: 0.3751085102558136
