mse: 0.3559470474720001
mae: 0.3932270407676697
