mse: 0.4184035062789917
mae: 0.4501302242279053
