mse: 0.3473227322101593
mae: 0.38239023089408875
