mse: 0.34413015842437744
mae: 0.3764302730560303
