mse: 0.34504371881484985
mae: 0.3754268288612366
