mse: 0.3445051312446594
mae: 0.37539058923721313
