mse: 0.3445395529270172
mae: 0.3752201795578003
