mse: 0.34516361355781555
mae: 0.3786080777645111
