mse: 0.44670194387435913
mae: 0.4717273712158203
