mse: 0.37528693675994873
mae: 0.41466251015663147
