mse: 0.3450511693954468
mae: 0.3753848969936371
