mse: 0.34487485885620117
mae: 0.3752058446407318
