mse: 0.35266438126564026
mae: 0.39086806774139404
