mse: 0.358895480632782
mae: 0.39546892046928406
