mse: 0.344602108001709
mae: 0.3751828670501709
