mse: 0.34454917907714844
mae: 0.37520208954811096
