mse: 0.34971731901168823
mae: 0.3859008848667145
