mse: 0.34525400400161743
mae: 0.3772212862968445
