mse: 0.3456639349460602
mae: 0.3786811828613281
