mse: 0.3441902697086334
mae: 0.37667572498321533
