mse: 0.3446849286556244
mae: 0.3755134642124176
