mse: 0.3664107024669647
mae: 0.40412697196006775
