mse: 0.34678414463996887
mae: 0.3813600540161133
