mse: 0.36968323588371277
mae: 0.4077911078929901
