mse: 0.3608575761318207
mae: 0.39911243319511414
