mse: 0.3503606617450714
mae: 0.3854491114616394
