mse: 0.4036009609699249
mae: 0.43952932953834534
