mse: 0.3453938961029053
mae: 0.37614795565605164
