mse: 0.34451523423194885
mae: 0.3751913011074066
