mse: 0.34471237659454346
mae: 0.3756871223449707
