mse: 0.34465503692626953
mae: 0.3751934766769409
