mse: 0.3443250060081482
mae: 0.3774241507053375
