mse: 0.37426820397377014
mae: 0.4147239029407501
