mse: 0.42704880237579346
mae: 0.4569587707519531
