mse: 0.34653225541114807
mae: 0.3812274634838104
