mse: 0.3581739366054535
mae: 0.3842972218990326
