mse: 0.3688986897468567
mae: 0.40772369503974915
