mse: 0.36716216802597046
mae: 0.4063190221786499
