mse: 0.35195931792259216
mae: 0.3885549306869507
