mse: 0.3877759575843811
mae: 0.42538613080978394
