mse: 0.3519287407398224
mae: 0.38913774490356445
