mse: 0.3444003760814667
mae: 0.3773171603679657
