mse: 0.3448106646537781
mae: 0.37524256110191345
