mse: 0.34456896781921387
mae: 0.37522754073143005
