mse: 0.3448711931705475
mae: 0.3751181364059448
