mse: 0.34466931223869324
mae: 0.3755175769329071
