mse: 0.3449651896953583
mae: 0.3753499984741211
