mse: 0.3445712924003601
mae: 0.3752356171607971
