mse: 0.34485071897506714
mae: 0.3760512173175812
