mse: 0.3448519706726074
mae: 0.3752909004688263
