mse: 0.34840041399002075
mae: 0.3828243613243103
