mse: 0.35256436467170715
mae: 0.3888445496559143
