mse: 0.3718995451927185
mae: 0.4118194878101349
