mse: 0.3496008515357971
mae: 0.3864521384239197
