mse: 0.34483063220977783
mae: 0.3749927878379822
