mse: 0.34502148628234863
mae: 0.3758552372455597
