mse: 0.3469547629356384
mae: 0.38012468814849854
