mse: 0.3565346598625183
mae: 0.3934864401817322
