mse: 0.3528212308883667
mae: 0.3900677561759949
