mse: 0.34464648365974426
mae: 0.3774729371070862
