mse: 0.44724196195602417
mae: 0.47232872247695923
