mse: 0.48441535234451294
mae: 0.5015611052513123
