mse: 0.34497034549713135
mae: 0.3753524124622345
