mse: 0.355661004781723
mae: 0.39180344343185425
