mse: 0.34485143423080444
mae: 0.37601688504219055
