mse: 0.34460264444351196
mae: 0.37578344345092773
