mse: 0.35969987511634827
mae: 0.397280216217041
