mse: 0.3447934687137604
mae: 0.37519994378089905
