mse: 0.34539443254470825
mae: 0.3770887851715088
