mse: 0.3448738157749176
mae: 0.3752727508544922
