mse: 0.3684423565864563
mae: 0.407728374004364
