mse: 0.3561556041240692
mae: 0.3936365842819214
