mse: 0.34494665265083313
mae: 0.3753361105918884
