mse: 0.5103845596313477
mae: 0.5184437036514282
