mse: 0.345012903213501
mae: 0.37680837512016296
