mse: 0.4102138578891754
mae: 0.44720038771629333
