mse: 0.3447088897228241
mae: 0.3773531913757324
