mse: 0.35696128010749817
mae: 0.38262292742729187
