mse: 0.3448525071144104
mae: 0.37504813075065613
