mse: 0.34689491987228394
mae: 0.3827332854270935
