mse: 0.40812793374061584
mae: 0.4449054002761841
