mse: 0.3449426293373108
mae: 0.37533268332481384
