mse: 0.3466871976852417
mae: 0.38081154227256775
