mse: 0.34445416927337646
mae: 0.3751518726348877
