mse: 0.37630438804626465
mae: 0.4153106212615967
