mse: 0.42558741569519043
mae: 0.4589807689189911
