mse: 0.3447222411632538
mae: 0.37582454085350037
