mse: 0.3614702522754669
mae: 0.4008493721485138
