mse: 0.3468795418739319
mae: 0.38162416219711304
