mse: 0.34705573320388794
mae: 0.38266947865486145
