mse: 0.3444008529186249
mae: 0.37681853771209717
