mse: 0.3446931540966034
mae: 0.3757842481136322
