mse: 0.34470510482788086
mae: 0.3762357831001282
