mse: 0.34489935636520386
mae: 0.3771825134754181
