mse: 0.3449472486972809
mae: 0.3752700686454773
