mse: 0.345325231552124
mae: 0.3766757845878601
