mse: 0.3624497354030609
mae: 0.40074819326400757
