mse: 0.4106491804122925
mae: 0.4445723295211792
