mse: 0.34419599175453186
mae: 0.37536314129829407
