mse: 0.4248265326023102
mae: 0.4567483961582184
