mse: 0.3493642807006836
mae: 0.3847435414791107
