mse: 0.3450251817703247
mae: 0.3752835988998413
