mse: 0.4315777122974396
mae: 0.463406503200531
