mse: 0.3449394702911377
mae: 0.3752715289592743
