mse: 0.3443067967891693
mae: 0.37669384479522705
