mse: 0.3723812401294708
mae: 0.41044262051582336
