mse: 0.4000627100467682
mae: 0.43629834055900574
