mse: 0.3495848476886749
mae: 0.38605281710624695
