mse: 0.34496572613716125
mae: 0.37536776065826416
