mse: 0.344586044549942
mae: 0.3753569722175598
