mse: 0.36246559023857117
mae: 0.40137991309165955
