mse: 0.34496939182281494
mae: 0.3753051459789276
