mse: 0.3518050014972687
mae: 0.3888053297996521
