mse: 0.35685229301452637
mae: 0.38160261511802673
