mse: 0.3446202576160431
mae: 0.3750592768192291
