mse: 0.3444504737854004
mae: 0.3772089183330536
