mse: 0.3556821644306183
mae: 0.3922158479690552
