mse: 0.49053600430488586
mae: 0.5025051236152649
