mse: 0.34565579891204834
mae: 0.3795185387134552
