mse: 0.34885942935943604
mae: 0.3848150074481964
