mse: 0.344676673412323
mae: 0.37589380145072937
