mse: 0.47884899377822876
mae: 0.49521753191947937
