mse: 0.34556978940963745
mae: 0.3795259892940521
