mse: 0.35935869812965393
mae: 0.3968002200126648
