mse: 0.3447386622428894
mae: 0.375309556722641
