mse: 0.4515330493450165
mae: 0.47781047224998474
