mse: 0.3848370313644409
mae: 0.4235302805900574
