mse: 0.3449784815311432
mae: 0.3754090964794159
