mse: 0.3443528413772583
mae: 0.3770464062690735
