mse: 0.3449523448944092
mae: 0.37522903084754944
