mse: 0.34458404779434204
mae: 0.3757130205631256
