mse: 0.40458592772483826
mae: 0.43924838304519653
