mse: 0.3712370693683624
mae: 0.4097714424133301
