mse: 0.3449775278568268
mae: 0.37532031536102295
