mse: 0.34414905309677124
mae: 0.3753370940685272
