mse: 0.344734787940979
mae: 0.37559226155281067
