mse: 0.34486496448516846
mae: 0.37518343329429626
