mse: 0.4238760769367218
mae: 0.45618271827697754
