mse: 0.4580490291118622
mae: 0.48044630885124207
