mse: 0.37847626209259033
mae: 0.41659536957740784
