mse: 0.38898470997810364
mae: 0.4282734990119934
