mse: 0.34474727511405945
mae: 0.3761071562767029
