mse: 0.34445720911026
mae: 0.3753355145454407
