mse: 0.3446250855922699
mae: 0.3759486675262451
