mse: 0.3448731601238251
mae: 0.3764033317565918
