mse: 0.3570975363254547
mae: 0.383270263671875
