mse: 0.34481823444366455
mae: 0.37515100836753845
