mse: 0.35209429264068604
mae: 0.38849133253097534
