mse: 0.3491746187210083
mae: 0.3846263885498047
