mse: 0.3446110486984253
mae: 0.3753471374511719
