mse: 0.3599836528301239
mae: 0.3983665406703949
