mse: 0.34493568539619446
mae: 0.3752722144126892
