mse: 0.4008810222148895
mae: 0.4359835684299469
