mse: 0.48130741715431213
mae: 0.49754616618156433
