mse: 0.38373279571533203
mae: 0.4208727777004242
