mse: 0.3451346158981323
mae: 0.37633877992630005
