mse: 0.372744083404541
mae: 0.41117000579833984
