mse: 0.3675338327884674
mae: 0.4050412178039551
