mse: 0.35233139991760254
mae: 0.38922178745269775
