mse: 0.3608088791370392
mae: 0.3981071412563324
