mse: 0.35224786400794983
mae: 0.38887879252433777
