mse: 0.35071828961372375
mae: 0.38681238889694214
