mse: 0.34498682618141174
mae: 0.37529993057250977
