mse: 0.356198787689209
mae: 0.3938797414302826
