mse: 0.356049507856369
mae: 0.39275455474853516
