mse: 0.3448258638381958
mae: 0.37516340613365173
