mse: 0.41288062930107117
mae: 0.44708162546157837
