mse: 0.34507516026496887
mae: 0.3757376968860626
