mse: 0.624229907989502
mae: 0.5916821956634521
