mse: 0.34441328048706055
mae: 0.37694239616394043
