mse: 0.34439465403556824
mae: 0.3758328855037689
