mse: 0.35122916102409363
mae: 0.38710206747055054
