mse: 0.3450239896774292
mae: 0.3763486444950104
