mse: 0.3448300361633301
mae: 0.3750140070915222
