mse: 0.351367324590683
mae: 0.3864871859550476
