mse: 0.35638150572776794
mae: 0.3937331438064575
