mse: 0.4001077711582184
mae: 0.434733510017395
