mse: 0.34495970606803894
mae: 0.37556925415992737
