mse: 0.3447759747505188
mae: 0.3758878707885742
