mse: 0.34500205516815186
mae: 0.37631118297576904
