mse: 0.36117157340049744
mae: 0.3987555503845215
