mse: 0.3445739150047302
mae: 0.37533044815063477
