mse: 0.3448091745376587
mae: 0.37606170773506165
