mse: 0.3443252742290497
mae: 0.3757127821445465
