mse: 0.3589221239089966
mae: 0.39539191126823425
