mse: 0.3449624180793762
mae: 0.3763432204723358
