mse: 0.368958055973053
mae: 0.4074670970439911
