mse: 0.3453732430934906
mae: 0.3794187605381012
