mse: 0.37240365147590637
mae: 0.41091927886009216
