mse: 0.34481513500213623
mae: 0.3750295639038086
