mse: 0.36272162199020386
mae: 0.40219101309776306
