mse: 0.3568129539489746
mae: 0.39491307735443115
