mse: 0.35919463634490967
mae: 0.387736439704895
