mse: 0.35226017236709595
mae: 0.3889642059803009
