mse: 0.34830278158187866
mae: 0.3833199739456177
