mse: 0.36667636036872864
mae: 0.40467026829719543
