mse: 0.345206081867218
mae: 0.3773638904094696
