mse: 0.34483063220977783
mae: 0.3753187358379364
