mse: 0.35152730345726013
mae: 0.38836315274238586
