mse: 0.34901008009910583
mae: 0.38408195972442627
