mse: 0.34445562958717346
mae: 0.375911682844162
