mse: 0.3519195020198822
mae: 0.3884456157684326
