mse: 0.3444599211215973
mae: 0.37500691413879395
