mse: 0.3595556318759918
mae: 0.3966137170791626
