mse: 0.36178386211395264
mae: 0.40166401863098145
