mse: 0.34479886293411255
mae: 0.37505730986595154
