mse: 0.34653225541114807
mae: 0.38126784563064575
