mse: 0.3693655729293823
mae: 0.40718621015548706
