mse: 0.34466391801834106
mae: 0.37602099776268005
