mse: 0.34461739659309387
mae: 0.3754394054412842
