mse: 0.34478873014450073
mae: 0.37574252486228943
