mse: 0.34454473853111267
mae: 0.375315397977829
