mse: 0.34443506598472595
mae: 0.377346932888031
