mse: 0.3526095449924469
mae: 0.3903748095035553
