mse: 0.35244959592819214
mae: 0.3887357711791992
