mse: 0.38536250591278076
mae: 0.4236464500427246
