mse: 0.3453357517719269
mae: 0.37698909640312195
