mse: 0.3622322380542755
mae: 0.39977893233299255
