mse: 0.34811660647392273
mae: 0.38207298517227173
