mse: 0.3569921851158142
mae: 0.39442580938339233
