mse: 0.40261310338974
mae: 0.4390971064567566
