mse: 0.3742397129535675
mae: 0.4122292101383209
