mse: 0.36649590730667114
mae: 0.4044528603553772
