mse: 0.3730434477329254
mae: 0.41095221042633057
