mse: 0.43049269914627075
mae: 0.4603511393070221
