mse: 0.34482964873313904
mae: 0.37516990303993225
