mse: 0.345012366771698
mae: 0.37818917632102966
