mse: 0.3449104428291321
mae: 0.37599804997444153
