mse: 0.3465677499771118
mae: 0.38128194212913513
