mse: 0.3447428345680237
mae: 0.37531453371047974
