mse: 0.34485554695129395
mae: 0.37645572423934937
