mse: 0.3448522388935089
mae: 0.37526583671569824
