mse: 0.4848220944404602
mae: 0.49757927656173706
