mse: 0.34676000475883484
mae: 0.3812509775161743
