mse: 0.3449667990207672
mae: 0.3753995895385742
