mse: 0.34463202953338623
mae: 0.3751048743724823
