mse: 0.3615703880786896
mae: 0.40030673146247864
