mse: 0.3944067060947418
mae: 0.4323057234287262
