mse: 0.3488382399082184
mae: 0.38453561067581177
