mse: 0.3448832333087921
mae: 0.37522080540657043
