mse: 0.3455597162246704
mae: 0.3770645260810852
