mse: 0.3448468744754791
mae: 0.37513402104377747
