mse: 0.34579500555992126
mae: 0.3795826733112335
