mse: 0.3572998046875
mae: 0.39561477303504944
