mse: 0.4099830389022827
mae: 0.44532594084739685
