mse: 0.35777923464775085
mae: 0.38492533564567566
