mse: 0.34455421566963196
mae: 0.37558165192604065
