mse: 0.3446938693523407
mae: 0.37522614002227783
