mse: 0.345701664686203
mae: 0.37755924463272095
