mse: 0.34465500712394714
mae: 0.37538036704063416
