mse: 0.36427414417266846
mae: 0.4010208547115326
