mse: 0.3960952162742615
mae: 0.43195840716362
