mse: 0.34637102484703064
mae: 0.3807333707809448
