mse: 0.4221254587173462
mae: 0.45329779386520386
