mse: 0.3444540798664093
mae: 0.3767487406730652
