mse: 0.48125159740448
mae: 0.49927961826324463
