mse: 0.37295645475387573
mae: 0.4107922613620758
