mse: 0.34414994716644287
mae: 0.3767654001712799
