mse: 0.36736875772476196
mae: 0.4054211676120758
