mse: 0.40309739112854004
mae: 0.4392244517803192
