mse: 0.49763163924217224
mae: 0.5103548169136047
