mse: 0.4506766200065613
mae: 0.47608545422554016
