mse: 0.34483766555786133
mae: 0.3760078251361847
