mse: 0.34539884328842163
mae: 0.3787229061126709
