mse: 0.3446238040924072
mae: 0.3756697475910187
