mse: 0.34497782588005066
mae: 0.3752959966659546
