mse: 0.3495810329914093
mae: 0.38427042961120605
