mse: 0.34546002745628357
mae: 0.37864354252815247
