mse: 0.3578609526157379
mae: 0.39456796646118164
