mse: 0.34428712725639343
mae: 0.37580063939094543
