mse: 0.3582436740398407
mae: 0.3858037292957306
