mse: 0.36050230264663696
mae: 0.39830508828163147
