mse: 0.34495237469673157
mae: 0.37522172927856445
