mse: 0.3446756899356842
mae: 0.3757396936416626
