mse: 0.3450073301792145
mae: 0.37859877943992615
