mse: 0.3554604649543762
mae: 0.39243337512016296
