mse: 0.34565868973731995
mae: 0.37631967663764954
