mse: 0.3851790726184845
mae: 0.4237729609012604
