mse: 0.34708985686302185
mae: 0.3823815882205963
