mse: 0.34529274702072144
mae: 0.37665367126464844
