mse: 0.34463822841644287
mae: 0.3750685155391693
