mse: 0.35070085525512695
mae: 0.38612455129623413
