mse: 0.34480735659599304
mae: 0.3760504424571991
