mse: 0.3574860095977783
mae: 0.384118914604187
