mse: 0.34479570388793945
mae: 0.37521666288375854
