mse: 0.345838725566864
mae: 0.3765825927257538
