mse: 0.37135836482048035
mae: 0.40968775749206543
