mse: 0.4379025995731354
mae: 0.4674525856971741
