mse: 0.34471574425697327
mae: 0.3778570592403412
