mse: 0.4511597752571106
mae: 0.4782032370567322
