mse: 0.3599455654621124
mae: 0.398679256439209
