mse: 0.406987726688385
mae: 0.44189968705177307
