mse: 0.35335269570350647
mae: 0.38934439420700073
