mse: 0.3445294499397278
mae: 0.3754276931285858
