mse: 0.34532028436660767
mae: 0.3796108365058899
