mse: 0.37051093578338623
mae: 0.4073064625263214
