mse: 0.3444688618183136
mae: 0.37610191106796265
