mse: 0.37348607182502747
mae: 0.41349631547927856
