mse: 0.3447096645832062
mae: 0.37524136900901794
