mse: 0.3448103070259094
mae: 0.3752541244029999
