mse: 0.4634332060813904
mae: 0.4873825013637543
