mse: 0.3446010947227478
mae: 0.37547168135643005
