mse: 0.3711564242839813
mae: 0.41003894805908203
