mse: 0.3449462056159973
mae: 0.37602558732032776
