mse: 0.36863261461257935
mae: 0.4057610332965851
