mse: 0.34463241696357727
mae: 0.3758539855480194
