mse: 0.3468770384788513
mae: 0.38242802023887634
