mse: 0.35983583331108093
mae: 0.39792054891586304
