mse: 0.3730846047401428
mae: 0.4111816883087158
