mse: 0.48205265402793884
mae: 0.49964842200279236
