mse: 0.34493619203567505
mae: 0.3751317262649536
