mse: 0.37103894352912903
mae: 0.4102703034877777
