mse: 0.3870427906513214
mae: 0.4251933693885803
