mse: 0.3450768291950226
mae: 0.37675172090530396
