mse: 0.34791114926338196
mae: 0.3815743625164032
