mse: 0.3608959913253784
mae: 0.3988964557647705
