mse: 0.34543323516845703
mae: 0.3796123266220093
