mse: 0.3582884967327118
mae: 0.39529484510421753
