mse: 0.3449927866458893
mae: 0.37665390968322754
