mse: 0.3446612060070038
mae: 0.37509310245513916
