mse: 0.3520628809928894
mae: 0.38806089758872986
