mse: 0.34387943148612976
mae: 0.3758668303489685
