mse: 0.34406405687332153
mae: 0.3751726746559143
