mse: 0.34550249576568604
mae: 0.37607336044311523
