mse: 0.34673723578453064
mae: 0.3800521194934845
