mse: 0.3587992489337921
mae: 0.38682660460472107
