mse: 0.3664298355579376
mae: 0.4047481119632721
