mse: 0.36402609944343567
mae: 0.4016493260860443
