mse: 0.3615771234035492
mae: 0.39893677830696106
