mse: 0.47635120153427124
mae: 0.4929066002368927
