mse: 0.37096264958381653
mae: 0.4092152714729309
