mse: 0.35018205642700195
mae: 0.38579970598220825
