mse: 0.34496697783470154
mae: 0.3752637803554535
