mse: 0.34637758135795593
mae: 0.38131943345069885
