mse: 0.3479856252670288
mae: 0.3826150894165039
