mse: 0.36145922541618347
mae: 0.3992462456226349
