mse: 0.3492828607559204
mae: 0.38520124554634094
