mse: 0.344939649105072
mae: 0.3753286302089691
