mse: 0.3450792729854584
mae: 0.37630438804626465
