mse: 0.356411874294281
mae: 0.3934405744075775
