mse: 0.34476524591445923
mae: 0.37514662742614746
