mse: 0.3855258524417877
mae: 0.42335525155067444
