mse: 0.3449557423591614
mae: 0.376346617937088
