mse: 0.3447766900062561
mae: 0.37514442205429077
