mse: 0.3442305326461792
mae: 0.37557268142700195
