mse: 0.3445064127445221
mae: 0.37531885504722595
