mse: 0.4214639365673065
mae: 0.4523409307003021
