mse: 0.344955712556839
mae: 0.37693163752555847
