mse: 0.3743274509906769
mae: 0.4117867946624756
