mse: 0.3444812297821045
mae: 0.3772362768650055
