mse: 0.35176804661750793
mae: 0.38869404792785645
