mse: 0.3442542850971222
mae: 0.3755913972854614
