mse: 0.3524070382118225
mae: 0.3899661898612976
