mse: 0.3448176681995392
mae: 0.3751968443393707
