mse: 0.3543803095817566
mae: 0.39042145013809204
