mse: 0.34423649311065674
mae: 0.37639108300209045
