mse: 0.36458253860473633
mae: 0.4021376371383667
