mse: 0.3489426374435425
mae: 0.384705126285553
