mse: 0.4707414209842682
mae: 0.491116464138031
