mse: 0.34461209177970886
mae: 0.37530452013015747
