mse: 0.34419214725494385
mae: 0.375367134809494
