mse: 0.344539076089859
mae: 0.3751026690006256
