mse: 0.3451184332370758
mae: 0.3766624629497528
