mse: 0.34452271461486816
mae: 0.3754003942012787
