mse: 0.34475773572921753
mae: 0.3761540949344635
