mse: 0.38560950756073
mae: 0.4236149489879608
