mse: 0.345325767993927
mae: 0.37700438499450684
