mse: 0.3454284071922302
mae: 0.3791576027870178
