mse: 0.34411877393722534
mae: 0.3767678439617157
