mse: 0.3449351191520691
mae: 0.37523478269577026
