mse: 0.34486931562423706
mae: 0.3761259913444519
