mse: 0.5627163052558899
mae: 0.553985595703125
