mse: 0.34482258558273315
mae: 0.37524887919425964
