mse: 0.4066028594970703
mae: 0.44127124547958374
