mse: 0.34934157133102417
mae: 0.38505834341049194
