mse: 0.3472159504890442
mae: 0.3821046054363251
