mse: 0.34512996673583984
mae: 0.3766246438026428
