mse: 0.3531295955181122
mae: 0.39102742075920105
