mse: 0.3447781205177307
mae: 0.37578320503234863
