mse: 0.34432363510131836
mae: 0.37554094195365906
