mse: 0.3446168303489685
mae: 0.3755039572715759
