mse: 0.3452938497066498
mae: 0.37893056869506836
