mse: 0.34478995203971863
mae: 0.37506330013275146
