mse: 0.34480977058410645
mae: 0.37656691670417786
