mse: 0.35692259669303894
mae: 0.38210558891296387
