mse: 0.3468109369277954
mae: 0.380558043718338
