mse: 0.34453284740448
mae: 0.3760698437690735
