mse: 0.34496304392814636
mae: 0.3752550482749939
