mse: 0.37357160449028015
mae: 0.41288045048713684
