mse: 0.3448234498500824
mae: 0.3751657009124756
