mse: 0.3444846272468567
mae: 0.375092476606369
