mse: 0.36888551712036133
mae: 0.40873292088508606
