mse: 0.43454575538635254
mae: 0.46637842059135437
