mse: 0.3446826636791229
mae: 0.3752705156803131
