mse: 0.3449762165546417
mae: 0.37522441148757935
