mse: 0.3886306583881378
mae: 0.4261119067668915
