mse: 0.35151955485343933
mae: 0.3877176344394684
