mse: 0.3446144759654999
mae: 0.37549686431884766
