mse: 0.3585321605205536
mae: 0.3958900272846222
