mse: 0.3443981111049652
mae: 0.375031977891922
