mse: 0.346171110868454
mae: 0.380260705947876
