mse: 0.3440382182598114
mae: 0.37620633840560913
