mse: 0.3569214940071106
mae: 0.381164014339447
