mse: 0.4915015697479248
mae: 0.5054481029510498
