mse: 0.344637393951416
mae: 0.3756192922592163
