mse: 0.34626299142837524
mae: 0.37716758251190186
