mse: 0.354943186044693
mae: 0.3915189802646637
