mse: 0.3519292175769806
mae: 0.38852348923683167
