mse: 0.344559907913208
mae: 0.3771249055862427
