mse: 0.34918123483657837
mae: 0.3849472403526306
