mse: 0.34488222002983093
mae: 0.3761156499385834
