mse: 0.3607887327671051
mae: 0.39851686358451843
