mse: 0.3448515832424164
mae: 0.3751344382762909
