mse: 0.3449948728084564
mae: 0.3764054775238037
