mse: 0.44909465312957764
mae: 0.4747949540615082
