mse: 0.34487712383270264
mae: 0.37523654103279114
