mse: 0.45749005675315857
mae: 0.47988370060920715
