mse: 0.344975084066391
mae: 0.3753452003002167
