mse: 0.344644695520401
mae: 0.3755965232849121
