mse: 0.3491290807723999
mae: 0.38403061032295227
