mse: 0.34455281496047974
mae: 0.3751121461391449
