mse: 0.3712734282016754
mae: 0.4086499810218811
