mse: 0.3860839009284973
mae: 0.4234412908554077
