mse: 0.36637580394744873
mae: 0.40493983030319214
