mse: 0.34523293375968933
mae: 0.3759301006793976
