mse: 0.3446866571903229
mae: 0.37580010294914246
