mse: 0.35251033306121826
mae: 0.3887775242328644
