mse: 0.3530636131763458
mae: 0.39052340388298035
