mse: 0.3463353216648102
mae: 0.3812415301799774
