mse: 0.3443849980831146
mae: 0.37730711698532104
