mse: 0.38260799646377563
mae: 0.4191947281360626
