mse: 0.3451487123966217
mae: 0.3767210841178894
