mse: 0.3455904722213745
mae: 0.3773917555809021
