mse: 0.3445914685726166
mae: 0.37552133202552795
