mse: 0.38761597871780396
mae: 0.4248185455799103
