mse: 0.3452014923095703
mae: 0.37562793493270874
