mse: 0.34485548734664917
mae: 0.3754235804080963
