mse: 0.3478694260120392
mae: 0.3813803195953369
