mse: 0.4536359906196594
mae: 0.4763503074645996
