mse: 0.3447640538215637
mae: 0.37586602568626404
