mse: 0.34480562806129456
mae: 0.3752345144748688
