mse: 0.3559357225894928
mae: 0.39267975091934204
