mse: 0.3442307114601135
mae: 0.3758227229118347
