mse: 0.42559611797332764
mae: 0.45782187581062317
