mse: 0.34469982981681824
mae: 0.37503477931022644
