mse: 0.3440459668636322
mae: 0.3762699365615845
