mse: 0.3758813142776489
mae: 0.4158706068992615
