mse: 0.3460484445095062
mae: 0.37842923402786255
