mse: 0.34394413232803345
mae: 0.3762606680393219
