mse: 0.34491798281669617
mae: 0.37529030442237854
