mse: 0.34455177187919617
mae: 0.3756364583969116
