mse: 0.35745692253112793
mae: 0.39442843198776245
