mse: 0.34494081139564514
mae: 0.3752591013908386
