mse: 0.34472712874412537
mae: 0.3750728368759155
