mse: 0.38527292013168335
mae: 0.4223383665084839
