mse: 0.34478697180747986
mae: 0.3752053678035736
