mse: 0.4897100031375885
mae: 0.5019338726997375
