mse: 0.35611286759376526
mae: 0.39262545108795166
