mse: 0.34604477882385254
mae: 0.3768644332885742
