mse: 0.3446798324584961
mae: 0.375222772359848
