mse: 0.3449895679950714
mae: 0.3752632141113281
