mse: 0.3471468687057495
mae: 0.38244882225990295
