mse: 0.3442190885543823
mae: 0.3755713999271393
