mse: 0.3470115661621094
mae: 0.38139262795448303
