mse: 0.3544909954071045
mae: 0.39181065559387207
