mse: 0.3450814187526703
mae: 0.3764132857322693
