mse: 0.4040329158306122
mae: 0.44146981835365295
