mse: 0.34410569071769714
mae: 0.37621259689331055
