mse: 0.3468308448791504
mae: 0.3819126486778259
