mse: 0.34475836157798767
mae: 0.37573596835136414
