mse: 0.34490466117858887
mae: 0.3752850294113159
