mse: 0.4036293029785156
mae: 0.4395829737186432
