mse: 0.34471485018730164
mae: 0.37506526708602905
