mse: 0.3453467786312103
mae: 0.37703055143356323
