mse: 0.34699004888534546
mae: 0.3818393051624298
