mse: 0.4591175317764282
mae: 0.4835125505924225
