mse: 0.3447922170162201
mae: 0.37630870938301086
