mse: 0.4523020386695862
mae: 0.4782690703868866
