mse: 0.34467634558677673
mae: 0.3752638101577759
