mse: 0.3833748400211334
mae: 0.4205929934978485
