mse: 1.0645869970321655
mae: 0.6497933864593506
