mse: 1.0952036380767822
mae: 0.6809162497520447
