mse: 0.4070895314216614
mae: 0.4205981194972992
