mse: 0.3091840445995331
mae: 0.4206556975841522
