mse: 0.3078663647174835
mae: 0.4197992980480194
