mse: 0.3085029721260071
mae: 0.41991904377937317
