mse: 0.30702850222587585
mae: 0.4191139340400696
