mse: 0.30835214257240295
mae: 0.41974136233329773
