mse: 0.3089059591293335
mae: 0.42036721110343933
