mse: 0.30874133110046387
mae: 0.4201154410839081
