mse: 0.30843356251716614
mae: 0.4198228120803833
