mse: 0.30864816904067993
mae: 0.42000946402549744
