mse: 0.3086119592189789
mae: 0.4200354814529419
