mse: 0.30940112471580505
mae: 0.42081934213638306
