mse: 0.30856195092201233
mae: 0.42000946402549744
