mse: 0.30907583236694336
mae: 0.4205799400806427
