mse: 0.3081414997577667
mae: 0.4196898639202118
