mse: 0.3084660470485687
mae: 0.41988834738731384
