mse: 0.30885764956474304
mae: 0.42021307349205017
