mse: 0.33172762393951416
nan_count: 0
mae: 0.3666347861289978
nan_count: 0
