mse: 0.3232773542404175
nan_count: 0
mae: 0.3604767918586731
nan_count: 0
