mse: 0.32413873076438904
nan_count: 0
mae: 0.36112162470817566
nan_count: 0
