mse: 0.3251029849052429
nan_count: 0
mae: 0.36180779337882996
nan_count: 0
