mse: 0.3226887881755829
nan_count: 0
mae: 0.3600720465183258
nan_count: 0
