mse: 0.3226877450942993
nan_count: 0
mae: 0.3600824177265167
nan_count: 0
