mse: 0.3366275429725647
nan_count: 0
mae: 0.3703770041465759
nan_count: 0
