mse: 0.339252233505249
nan_count: 0
mae: 0.37255746126174927
nan_count: 0
