mse: 0.3332452178001404
nan_count: 0
mae: 0.36799246072769165
nan_count: 0
