mse: 0.32442986965179443
nan_count: 0
mae: 0.3614240884780884
nan_count: 0
