mse: 0.3544216454029083
nan_count: 0
mae: 0.3821505010128021
nan_count: 0
