mse: 0.5060832500457764
nan_count: 0
mae: 0.46773743629455566
nan_count: 0
