mse: 0.32573723793029785
nan_count: 0
mae: 0.3624497354030609
nan_count: 0
