mse: 0.3238590657711029
nan_count: 0
mae: 0.36088669300079346
nan_count: 0
