mse: 0.3708893358707428
nan_count: 0
mae: 0.39479538798332214
nan_count: 0
