mse: 0.4413374662399292
nan_count: 0
mae: 0.43667104840278625
nan_count: 0
