mse: 0.35266318917274475
nan_count: 0
mae: 0.38198521733283997
nan_count: 0
