mse: 0.3246136009693146
nan_count: 0
mae: 0.36145368218421936
nan_count: 0
