mse: 0.3250725567340851
nan_count: 0
mae: 0.3618909418582916
nan_count: 0
