mse: 0.35851210355758667
nan_count: 0
mae: 0.3857000768184662
nan_count: 0
