mse: 0.35058581829071045
nan_count: 0
mae: 0.3784838318824768
nan_count: 0
