mse: 0.3258512318134308
nan_count: 0
mae: 0.3630138337612152
nan_count: 0
