mse: 0.43477103114128113
nan_count: 0
mae: 0.4325895607471466
nan_count: 0
