mse: 0.4855218529701233
nan_count: 0
mae: 0.4613165259361267
nan_count: 0
