mse: 0.3393988013267517
nan_count: 0
mae: 0.37179529666900635
nan_count: 0
