mse: 0.3231968879699707
nan_count: 0
mae: 0.3604407012462616
nan_count: 0
