mse: 0.4324168562889099
nan_count: 0
mae: 0.4336501359939575
nan_count: 0
