mse: 0.32549479603767395
nan_count: 0
mae: 0.36222395300865173
nan_count: 0
