mse: 0.3247239589691162
nan_count: 0
mae: 0.36155813932418823
nan_count: 0
