mse: 0.32594063878059387
nan_count: 0
mae: 0.3627112805843353
nan_count: 0
