mse: 0.3291681706905365
nan_count: 0
mae: 0.36505597829818726
nan_count: 0
