mse: 0.3253239393234253
nan_count: 0
mae: 0.3618175685405731
nan_count: 0
