mse: 0.4548662304878235
nan_count: 0
mae: 0.43992117047309875
nan_count: 0
