mse: 0.4876817464828491
nan_count: 0
mae: 0.4632386863231659
nan_count: 0
