mse: 0.509926974773407
nan_count: 0
mae: 0.4728776216506958
nan_count: 0
