mse: 0.36033758521080017
nan_count: 0
mae: 0.3871878981590271
nan_count: 0
