mse: 0.41994360089302063
nan_count: 0
mae: 0.4216787815093994
nan_count: 0
