mse: 0.32611310482025146
nan_count: 0
mae: 0.36274033784866333
nan_count: 0
