mse: 0.3254176080226898
nan_count: 0
mae: 0.3621670603752136
nan_count: 0
