mse: 0.4105793535709381
nan_count: 0
mae: 0.41776666045188904
nan_count: 0
