mse: 0.33867979049682617
nan_count: 0
mae: 0.37145525217056274
nan_count: 0
