mse: 0.350240021944046
nan_count: 0
mae: 0.37962606549263
nan_count: 0
