mse: 0.3255915641784668
nan_count: 0
mae: 0.36231255531311035
nan_count: 0
