mse: 0.3273852467536926
nan_count: 0
mae: 0.3633488714694977
nan_count: 0
