mse: 0.3249415159225464
nan_count: 0
mae: 0.3617546260356903
nan_count: 0
