mse: 0.3225872218608856
nan_count: 0
mae: 0.3600110709667206
nan_count: 0
