mse: 0.41051653027534485
nan_count: 0
mae: 0.41851699352264404
nan_count: 0
