mse: 0.37440747022628784
nan_count: 0
mae: 0.3974948525428772
nan_count: 0
