mse: 0.32602885365486145
nan_count: 0
mae: 0.36277270317077637
nan_count: 0
