mse: 0.3390674591064453
nan_count: 0
mae: 0.37246397137641907
nan_count: 0
