mse: 0.32836729288101196
nan_count: 0
mae: 0.364152193069458
nan_count: 0
