mse: 0.34265777468681335
nan_count: 0
mae: 0.37476029992103577
nan_count: 0
