mse: 0.3257807195186615
nan_count: 0
mae: 0.36247718334198
nan_count: 0
