mse: 0.3252892792224884
nan_count: 0
mae: 0.3620641529560089
nan_count: 0
