mse: 0.3371725380420685
nan_count: 0
mae: 0.3707138001918793
nan_count: 0
