mse: 0.325808584690094
nan_count: 0
mae: 0.3624945878982544
nan_count: 0
