mse: 0.32537972927093506
nan_count: 0
mae: 0.36186760663986206
nan_count: 0
