mse: 0.33647626638412476
nan_count: 0
mae: 0.37075990438461304
nan_count: 0
