mse: 0.32710644602775574
nan_count: 0
mae: 0.36355334520339966
nan_count: 0
