mse: 0.36277976632118225
nan_count: 0
mae: 0.389529287815094
nan_count: 0
