mse: 0.3462667763233185
nan_count: 0
mae: 0.37629464268684387
nan_count: 0
