mse: 0.3263344168663025
nan_count: 0
mae: 0.3628818988800049
nan_count: 0
