mse: 0.3244275450706482
nan_count: 0
mae: 0.36149531602859497
nan_count: 0
