mse: 0.32466673851013184
nan_count: 0
mae: 0.3615261912345886
nan_count: 0
