mse: 0.327250212430954
nan_count: 0
mae: 0.36390459537506104
nan_count: 0
