mse: 0.32340312004089355
nan_count: 0
mae: 0.3606068789958954
nan_count: 0
