mse: 0.3232952654361725
nan_count: 0
mae: 0.36051255464553833
nan_count: 0
