mse: 0.3686929941177368
nan_count: 0
mae: 0.3931340277194977
nan_count: 0
