mse: 0.3296239674091339
nan_count: 0
mae: 0.3648388981819153
nan_count: 0
