mse: 0.32607632875442505
nan_count: 0
mae: 0.3627854585647583
nan_count: 0
