mse: 0.32414084672927856
nan_count: 0
mae: 0.3611522912979126
nan_count: 0
