mse: 0.3229292929172516
nan_count: 0
mae: 0.3602597117424011
nan_count: 0
