mse: 0.3231202960014343
nan_count: 0
mae: 0.36039188504219055
nan_count: 0
