mse: 0.40207329392433167
nan_count: 0
mae: 0.41393160820007324
nan_count: 0
