mse: 0.36532753705978394
nan_count: 0
mae: 0.39383211731910706
nan_count: 0
