mse: 0.35771888494491577
nan_count: 0
mae: 0.3839469254016876
nan_count: 0
