mse: 0.3259347677230835
nan_count: 0
mae: 0.36250585317611694
nan_count: 0
