mse: 0.3688274621963501
nan_count: 0
mae: 0.3925965130329132
nan_count: 0
