mse: 0.32220619916915894
nan_count: 0
mae: 0.35975027084350586
nan_count: 0
