mse: 0.3957165479660034
nan_count: 0
mae: 0.40831148624420166
nan_count: 0
