mse: 0.4125503599643707
nan_count: 0
mae: 0.41777414083480835
nan_count: 0
