mse: 0.3910934329032898
nan_count: 0
mae: 0.4090063273906708
nan_count: 0
