mse: 0.3954756557941437
nan_count: 0
mae: 0.40780746936798096
nan_count: 0
