mse: 0.34306633472442627
nan_count: 0
mae: 0.374957412481308
nan_count: 0
