mse: 0.35283002257347107
nan_count: 0
mae: 0.38161373138427734
nan_count: 0
