mse: 0.3251878321170807
nan_count: 0
mae: 0.36174389719963074
nan_count: 0
