mse: 0.3245140612125397
nan_count: 0
mae: 0.36142677068710327
nan_count: 0
