mse: 0.4481532573699951
nan_count: 0
mae: 0.43682506680488586
nan_count: 0
