mse: 0.3227011561393738
nan_count: 0
mae: 0.3601073920726776
nan_count: 0
