mse: 0.32458075881004333
nan_count: 0
mae: 0.361496239900589
nan_count: 0
