mse: 0.3223649561405182
nan_count: 0
mae: 0.35989928245544434
nan_count: 0
