mse: 0.35604220628738403
nan_count: 0
mae: 0.38334837555885315
nan_count: 0
