mse: 0.3430615961551666
nan_count: 0
mae: 0.3750184178352356
nan_count: 0
