mse: 0.3610818386077881
nan_count: 0
mae: 0.38615262508392334
nan_count: 0
