mse: 0.4408261477947235
nan_count: 0
mae: 0.43547430634498596
nan_count: 0
