mse: 0.33853578567504883
nan_count: 0
mae: 0.37181079387664795
nan_count: 0
