mse: 0.32533493638038635
nan_count: 0
mae: 0.3619871437549591
nan_count: 0
