mse: 0.46606481075286865
nan_count: 0
mae: 0.4504122734069824
nan_count: 0
