mse: 0.32455024123191833
nan_count: 0
mae: 0.36145341396331787
nan_count: 0
