mse: 0.38624444603919983
nan_count: 0
mae: 0.40474802255630493
nan_count: 0
