mse: 0.3246237337589264
nan_count: 0
mae: 0.3615066409111023
nan_count: 0
