mse: 0.326041579246521
nan_count: 0
mae: 0.36263149976730347
nan_count: 0
