mse: 0.3732456862926483
nan_count: 0
mae: 0.3960961103439331
nan_count: 0
