mse: 0.3250684142112732
nan_count: 0
mae: 0.36188676953315735
nan_count: 0
