mse: 0.3295865058898926
nan_count: 0
mae: 0.36518025398254395
nan_count: 0
