mse: 0.32284748554229736
nan_count: 0
mae: 0.36006322503089905
nan_count: 0
