mse: 0.3368872106075287
nan_count: 0
mae: 0.3704812824726105
nan_count: 0
