mse: 0.3230028450489044
nan_count: 0
mae: 0.3602379858493805
nan_count: 0
