mse: 0.35870876908302307
nan_count: 0
mae: 0.38467296957969666
nan_count: 0
