mse: 0.4738517999649048
nan_count: 0
mae: 0.4573671817779541
nan_count: 0
