mse: 0.33662348985671997
nan_count: 0
mae: 0.37023496627807617
nan_count: 0
