mse: 0.3245932161808014
nan_count: 0
mae: 0.36149129271507263
nan_count: 0
