mse: 0.4512336850166321
nan_count: 0
mae: 0.44069597125053406
nan_count: 0
