mse: 0.3236828148365021
nan_count: 0
mae: 0.3608294427394867
nan_count: 0
