mse: 0.35034841299057007
nan_count: 0
mae: 0.3793547451496124
nan_count: 0
