mse: 0.3310202956199646
nan_count: 0
mae: 0.3666689097881317
nan_count: 0
