mse: 0.32575806975364685
nan_count: 0
mae: 0.362504243850708
nan_count: 0
