mse: 0.3230009973049164
nan_count: 0
mae: 0.36029478907585144
nan_count: 0
