mse: 0.3228791654109955
nan_count: 0
mae: 0.3602038621902466
nan_count: 0
