mse: 0.386043906211853
nan_count: 0
mae: 0.4057287871837616
nan_count: 0
