mse: 0.3255552053451538
nan_count: 0
mae: 0.36199066042900085
nan_count: 0
