mse: 0.34322816133499146
nan_count: 0
mae: 0.3750337064266205
nan_count: 0
