mse: 0.3230270743370056
nan_count: 0
mae: 0.36030423641204834
nan_count: 0
