mse: 0.41697776317596436
nan_count: 0
mae: 0.4204366207122803
nan_count: 0
