mse: 0.3401120603084564
nan_count: 0
mae: 0.3738827407360077
nan_count: 0
