mse: 0.36863744258880615
nan_count: 0
mae: 0.39263445138931274
nan_count: 0
