mse: 0.32461002469062805
nan_count: 0
mae: 0.36150458455085754
nan_count: 0
