mse: 0.32588478922843933
nan_count: 0
mae: 0.3624047040939331
nan_count: 0
