mse: 0.3253788650035858
nan_count: 0
mae: 0.36192578077316284
nan_count: 0
