mse: 0.3243570029735565
nan_count: 0
mae: 0.3613452911376953
nan_count: 0
