mse: 0.36733365058898926
nan_count: 0
mae: 0.3930760324001312
nan_count: 0
