mse: 0.3256404995918274
nan_count: 0
mae: 0.3623133897781372
nan_count: 0
