mse: 0.359758198261261
nan_count: 0
mae: 0.3858078122138977
nan_count: 0
