mse: 0.3256048262119293
nan_count: 0
mae: 0.36233046650886536
nan_count: 0
