mse: 0.35422420501708984
nan_count: 0
mae: 0.3820975422859192
nan_count: 0
