mse: 0.32337233424186707
nan_count: 0
mae: 0.36053556203842163
nan_count: 0
