mse: 0.3247964680194855
nan_count: 0
mae: 0.3616163730621338
nan_count: 0
