mse: 0.3250579833984375
nan_count: 0
mae: 0.3618171215057373
nan_count: 0
