mse: 0.3252018094062805
nan_count: 0
mae: 0.36198171973228455
nan_count: 0
