mse: 0.3946807384490967
nan_count: 0
mae: 0.40926241874694824
nan_count: 0
