mse: 0.3575626611709595
nan_count: 0
mae: 0.3838866353034973
nan_count: 0
