mse: 0.35148152709007263
nan_count: 0
mae: 0.38034969568252563
nan_count: 0
