mse: 0.32559463381767273
nan_count: 0
mae: 0.3623049259185791
nan_count: 0
