mse: 0.3246173858642578
nan_count: 0
mae: 0.36152541637420654
nan_count: 0
