mse: 0.3542908728122711
nan_count: 0
mae: 0.38296911120414734
nan_count: 0
