mse: 0.35421639680862427
nan_count: 0
mae: 0.382880836725235
nan_count: 0
