mse: 0.3223968744277954
nan_count: 0
mae: 0.35985684394836426
nan_count: 0
