mse: 0.36572420597076416
nan_count: 0
mae: 0.39019936323165894
nan_count: 0
