mse: 0.3394007980823517
nan_count: 0
mae: 0.3722975254058838
nan_count: 0
