mse: 0.32551127672195435
nan_count: 0
mae: 0.3621114492416382
nan_count: 0
