mse: 0.3255733549594879
nan_count: 0
mae: 0.36228594183921814
nan_count: 0
