mse: 0.36855053901672363
nan_count: 0
mae: 0.3935927152633667
nan_count: 0
