mse: 0.4140632748603821
nan_count: 0
mae: 0.42130643129348755
nan_count: 0
