mse: 0.4150402247905731
nan_count: 0
mae: 0.42044728994369507
nan_count: 0
