mse: 0.37182343006134033
nan_count: 0
mae: 0.3926331698894501
nan_count: 0
