mse: 0.337971568107605
nan_count: 0
mae: 0.3714844286441803
nan_count: 0
