mse: 0.3255367875099182
nan_count: 0
mae: 0.3622617721557617
nan_count: 0
