mse: 0.3256738781929016
nan_count: 0
mae: 0.3621499538421631
nan_count: 0
