mse: 0.3502185642719269
nan_count: 0
mae: 0.37958407402038574
nan_count: 0
