mse: 0.32774078845977783
nan_count: 0
mae: 0.3639625906944275
nan_count: 0
