mse: 0.5049227476119995
nan_count: 0
mae: 0.46911656856536865
nan_count: 0
