mse: 0.3244872987270355
nan_count: 0
mae: 0.36142686009407043
nan_count: 0
