mse: 0.33757463097572327
nan_count: 0
mae: 0.3718463182449341
nan_count: 0
