mse: 0.43324220180511475
nan_count: 0
mae: 0.43428075313568115
nan_count: 0
