mse: 0.33013638854026794
nan_count: 0
mae: 0.3660460412502289
nan_count: 0
