mse: 0.34265920519828796
nan_count: 0
mae: 0.3745853006839752
nan_count: 0
