mse: 0.3877454102039337
nan_count: 0
mae: 0.4031126797199249
nan_count: 0
