mse: 0.32538992166519165
nan_count: 0
mae: 0.36184799671173096
nan_count: 0
