mse: 0.3328266143798828
nan_count: 0
mae: 0.36778393387794495
nan_count: 0
