mse: 0.3257867395877838
nan_count: 0
mae: 0.3623952865600586
nan_count: 0
