mse: 0.32438668608665466
nan_count: 0
mae: 0.3613004684448242
nan_count: 0
