mse: 0.32567399740219116
nan_count: 0
mae: 0.362312376499176
nan_count: 0
