mse: 0.3435544967651367
nan_count: 0
mae: 0.374960720539093
nan_count: 0
