mse: 0.3358490765094757
nan_count: 0
mae: 0.3701196312904358
nan_count: 0
