mse: 0.32576489448547363
nan_count: 0
mae: 0.36234205961227417
nan_count: 0
