mse: 0.3327687978744507
nan_count: 0
mae: 0.368984192609787
nan_count: 0
