mse: 0.3286054730415344
nan_count: 0
mae: 0.3641600012779236
nan_count: 0
