mse: 0.4437834620475769
nan_count: 0
mae: 0.43704938888549805
nan_count: 0
