mse: 0.3704995810985565
nan_count: 0
mae: 0.39397531747817993
nan_count: 0
