mse: 0.3531219959259033
nan_count: 0
mae: 0.38015779852867126
nan_count: 0
