mse: 0.3486129343509674
nan_count: 0
mae: 0.3788999021053314
nan_count: 0
