mse: 0.39498063921928406
nan_count: 0
mae: 0.41065800189971924
nan_count: 0
