mse: 0.3231818974018097
nan_count: 0
mae: 0.360417902469635
nan_count: 0
