mse: 0.3357883393764496
nan_count: 0
mae: 0.370056688785553
nan_count: 0
