mse: 0.3287554681301117
nan_count: 0
mae: 0.3645034730434418
nan_count: 0
