mse: 0.32518312335014343
nan_count: 0
mae: 0.3619798421859741
nan_count: 0
