mse: 0.3431759178638458
nan_count: 0
mae: 0.3746660351753235
nan_count: 0
