mse: 0.3224915564060211
nan_count: 0
mae: 0.35999032855033875
nan_count: 0
