mse: 0.4934725761413574
nan_count: 0
mae: 0.4664316177368164
nan_count: 0
