mse: 0.3494918644428253
nan_count: 0
mae: 0.3794117271900177
nan_count: 0
