mse: 0.3310469090938568
nan_count: 0
mae: 0.3668387830257416
nan_count: 0
