mse: 0.4610394537448883
nan_count: 0
mae: 0.4469124376773834
nan_count: 0
