mse: 0.4248722791671753
nan_count: 0
mae: 0.4261642098426819
nan_count: 0
