mse: 0.3759821653366089
nan_count: 0
mae: 0.3972472548484802
nan_count: 0
