mse: 0.3255751132965088
nan_count: 0
mae: 0.3621204197406769
nan_count: 0
