mse: 0.3724142909049988
nan_count: 0
mae: 0.3962852656841278
nan_count: 0
