mse: 0.3255842924118042
nan_count: 0
mae: 0.3621440529823303
nan_count: 0
