mse: 0.32439783215522766
nan_count: 0
mae: 0.36139681935310364
nan_count: 0
