mse: 0.3265697658061981
nan_count: 0
mae: 0.36335763335227966
nan_count: 0
