mse: 0.34221237897872925
nan_count: 0
mae: 0.37433233857154846
nan_count: 0
