mse: 0.32593822479248047
nan_count: 0
mae: 0.36260083317756653
nan_count: 0
