mse: 0.3682093024253845
nan_count: 0
mae: 0.3940484821796417
nan_count: 0
