mse: 0.32531359791755676
nan_count: 0
mae: 0.36209267377853394
nan_count: 0
