mse: 0.417231023311615
nan_count: 0
mae: 0.42171046137809753
nan_count: 0
