mse: 0.3705303370952606
nan_count: 0
mae: 0.392483115196228
nan_count: 0
