mse: 0.4685560166835785
nan_count: 0
mae: 0.4480777978897095
nan_count: 0
