mse: 0.32845303416252136
nan_count: 0
mae: 0.36419677734375
nan_count: 0
