mse: 0.32367822527885437
nan_count: 0
mae: 0.3607792854309082
nan_count: 0
