mse: 0.3302384912967682
nan_count: 0
mae: 0.36568254232406616
nan_count: 0
