mse: 0.3333226144313812
nan_count: 0
mae: 0.3683050870895386
nan_count: 0
