mse: 0.3417724072933197
nan_count: 0
mae: 0.37425050139427185
nan_count: 0
