mse: 0.3228710889816284
nan_count: 0
mae: 0.3601304292678833
nan_count: 0
