mse: 0.3751184046268463
nan_count: 0
mae: 0.39433199167251587
nan_count: 0
