mse: 0.32565435767173767
nan_count: 0
mae: 0.36203867197036743
nan_count: 0
