mse: 0.3256671726703644
nan_count: 0
mae: 0.3622073531150818
nan_count: 0
