mse: 0.36051318049430847
nan_count: 0
mae: 0.38578176498413086
nan_count: 0
