mse: 0.3309478461742401
nan_count: 0
mae: 0.36667636036872864
nan_count: 0
