mse: 0.4861416220664978
nan_count: 0
mae: 0.4618689715862274
nan_count: 0
