mse: 0.47361457347869873
nan_count: 0
mae: 0.45400145649909973
nan_count: 0
