mse: 0.32536280155181885
nan_count: 0
mae: 0.36182644963264465
nan_count: 0
