mse: 0.3261529505252838
nan_count: 0
mae: 0.36276546120643616
nan_count: 0
