mse: 0.39429745078086853
nan_count: 0
mae: 0.4120516777038574
nan_count: 0
