mse: 0.3422568440437317
nan_count: 0
mae: 0.3743213415145874
nan_count: 0
