mse: 0.32419759035110474
nan_count: 0
mae: 0.3612668812274933
nan_count: 0
