mse: 0.32386186718940735
nan_count: 0
mae: 0.3609234690666199
nan_count: 0
