mse: 0.32544323801994324
nan_count: 0
mae: 0.36168375611305237
nan_count: 0
