mse: 0.32567358016967773
nan_count: 0
mae: 0.36238422989845276
nan_count: 0
