mse: 0.3246821463108063
nan_count: 0
mae: 0.3615413308143616
nan_count: 0
