mse: 0.42051640152931213
nan_count: 0
mae: 0.4233449101448059
nan_count: 0
