mse: 0.32342642545700073
nan_count: 0
mae: 0.3606381416320801
nan_count: 0
