mse: 0.3259623646736145
nan_count: 0
mae: 0.362690269947052
nan_count: 0
