mse: 0.5271762013435364
nan_count: 0
mae: 0.4767899513244629
nan_count: 0
