mse: 0.337358295917511
nan_count: 0
mae: 0.3711760342121124
nan_count: 0
