mse: 0.3253570795059204
nan_count: 0
mae: 0.36171063780784607
nan_count: 0
