mse: 0.343514084815979
nan_count: 0
mae: 0.37486565113067627
nan_count: 0
