mse: 0.325371116399765
nan_count: 0
mae: 0.3619402348995209
nan_count: 0
