mse: 0.3232954144477844
nan_count: 0
mae: 0.36053088307380676
nan_count: 0
