mse: 0.4351705312728882
nan_count: 0
mae: 0.4358619153499603
nan_count: 0
