mse: 0.3489047884941101
nan_count: 0
mae: 0.37929731607437134
nan_count: 0
