mse: 0.4557478129863739
nan_count: 0
mae: 0.4406275749206543
nan_count: 0
