mse: 0.3660932183265686
nan_count: 0
mae: 0.3916846215724945
nan_count: 0
