mse: 0.35096195340156555
nan_count: 0
mae: 0.3788086473941803
nan_count: 0
