mse: 0.32368141412734985
nan_count: 0
mae: 0.3608061969280243
nan_count: 0
