mse: 0.3240290880203247
nan_count: 0
mae: 0.36105313897132874
nan_count: 0
