mse: 0.35417598485946655
nan_count: 0
mae: 0.3820492923259735
nan_count: 0
