mse: 0.325652539730072
nan_count: 0
mae: 0.3623998463153839
nan_count: 0
