mse: 0.3520539104938507
nan_count: 0
mae: 0.38102486729621887
nan_count: 0
