mse: 0.35094350576400757
nan_count: 0
mae: 0.379800021648407
nan_count: 0
