mse: 0.32535383105278015
nan_count: 0
mae: 0.3617311716079712
nan_count: 0
