mse: 0.3401218056678772
nan_count: 0
mae: 0.37265506386756897
nan_count: 0
