mse: 0.4591658413410187
nan_count: 0
mae: 0.4470607042312622
nan_count: 0
