mse: 0.32528889179229736
nan_count: 0
mae: 0.36206817626953125
nan_count: 0
