mse: 0.324593722820282
nan_count: 0
mae: 0.36149996519088745
nan_count: 0
