mse: 0.32563459873199463
nan_count: 0
mae: 0.36229732632637024
nan_count: 0
