mse: 0.3261236846446991
nan_count: 0
mae: 0.36274656653404236
nan_count: 0
