mse: 0.32435762882232666
nan_count: 0
mae: 0.36132970452308655
nan_count: 0
