mse: 0.3556070923805237
nan_count: 0
mae: 0.3836894929409027
nan_count: 0
