mse: 0.3256005644798279
nan_count: 0
mae: 0.3623161315917969
nan_count: 0
