mse: 0.32457756996154785
nan_count: 0
mae: 0.36149290204048157
nan_count: 0
