mse: 0.3290030360221863
nan_count: 0
mae: 0.3651716709136963
nan_count: 0
