mse: 0.3527969419956207
nan_count: 0
mae: 0.38189348578453064
nan_count: 0
