mse: 0.3252445459365845
nan_count: 0
mae: 0.36198869347572327
nan_count: 0
