mse: 0.32487404346466064
nan_count: 0
mae: 0.3616267740726471
nan_count: 0
