mse: 0.3368687927722931
nan_count: 0
mae: 0.370635062456131
nan_count: 0
