mse: 0.3945738971233368
nan_count: 0
mae: 0.4070815443992615
nan_count: 0
