mse: 0.32528555393218994
nan_count: 0
mae: 0.3619093596935272
nan_count: 0
