mse: 0.48321786522865295
nan_count: 0
mae: 0.45988282561302185
nan_count: 0
