mse: 0.3229014575481415
nan_count: 0
mae: 0.3602141737937927
nan_count: 0
