mse: 0.32678458094596863
nan_count: 0
mae: 0.36356696486473083
nan_count: 0
