mse: 0.35746249556541443
nan_count: 0
mae: 0.3848535418510437
nan_count: 0
