mse: 0.32989880442619324
nan_count: 0
mae: 0.3653419315814972
nan_count: 0
