mse: 0.3648940920829773
nan_count: 0
mae: 0.3901854157447815
nan_count: 0
