mse: 0.3256083130836487
nan_count: 0
mae: 0.3623224198818207
nan_count: 0
