mse: 0.3256855010986328
nan_count: 0
mae: 0.3621078431606293
nan_count: 0
