mse: 0.45180293917655945
nan_count: 0
mae: 0.4439566433429718
nan_count: 0
