mse: 0.3229350745677948
nan_count: 0
mae: 0.360219806432724
nan_count: 0
