mse: 0.4511583745479584
nan_count: 0
mae: 0.4424748122692108
nan_count: 0
