mse: 0.32558560371398926
nan_count: 0
mae: 0.36210232973098755
nan_count: 0
