mse: 0.3422248065471649
nan_count: 0
mae: 0.3749842643737793
nan_count: 0
