mse: 0.32568615674972534
nan_count: 0
mae: 0.36214032769203186
nan_count: 0
