mse: 0.32559284567832947
nan_count: 0
mae: 0.36232802271842957
nan_count: 0
