mse: 0.32532092928886414
nan_count: 0
mae: 0.3615820109844208
nan_count: 0
