mse: 0.32333090901374817
nan_count: 0
mae: 0.36053600907325745
nan_count: 0
