mse: 0.3309935927391052
nan_count: 0
mae: 0.3664636015892029
nan_count: 0
