mse: 0.3253040015697479
nan_count: 0
mae: 0.36191272735595703
nan_count: 0
