mse: 0.36868512630462646
nan_count: 0
mae: 0.39206957817077637
nan_count: 0
