mse: 0.32534053921699524
nan_count: 0
mae: 0.3619299530982971
nan_count: 0
