mse: 0.35481539368629456
nan_count: 0
mae: 0.38212746381759644
nan_count: 0
