mse: 0.3319161832332611
nan_count: 0
mae: 0.3670928180217743
nan_count: 0
