mse: 0.3241580128669739
nan_count: 0
mae: 0.36111292243003845
nan_count: 0
