mse: 0.32588639855384827
nan_count: 0
mae: 0.36257174611091614
nan_count: 0
