mse: 0.32538917660713196
nan_count: 0
mae: 0.3621475398540497
nan_count: 0
