mse: 0.3254740834236145
nan_count: 0
mae: 0.3619218170642853
nan_count: 0
