mse: 0.38317757844924927
nan_count: 0
mae: 0.4045898914337158
nan_count: 0
