mse: 0.3284107446670532
nan_count: 0
mae: 0.36480799317359924
nan_count: 0
