mse: 0.3315381705760956
nan_count: 0
mae: 0.3672791123390198
nan_count: 0
