mse: 0.41010963916778564
nan_count: 0
mae: 0.4198911786079407
nan_count: 0
