mse: 0.32591405510902405
nan_count: 0
mae: 0.3625951409339905
nan_count: 0
