mse: 0.47660037875175476
nan_count: 0
mae: 0.4556249678134918
nan_count: 0
