mse: 0.3298771381378174
nan_count: 0
mae: 0.3654114902019501
nan_count: 0
