mse: 0.32858607172966003
nan_count: 0
mae: 0.36436963081359863
nan_count: 0
