mse: 0.43767091631889343
nan_count: 0
mae: 0.4333418607711792
nan_count: 0
