mse: 0.3301112651824951
nan_count: 0
mae: 0.36593154072761536
nan_count: 0
