mse: 0.3649495840072632
nan_count: 0
mae: 0.38875770568847656
nan_count: 0
