mse: 0.32610493898391724
nan_count: 0
mae: 0.3627403974533081
nan_count: 0
