mse: 0.323849618434906
nan_count: 0
mae: 0.3609268069267273
nan_count: 0
