mse: 0.4725344777107239
nan_count: 0
mae: 0.4517104923725128
nan_count: 0
