mse: 0.32221266627311707
nan_count: 0
mae: 0.35975053906440735
nan_count: 0
