mse: 0.32753676176071167
nan_count: 0
mae: 0.36345598101615906
nan_count: 0
