mse: 0.32339003682136536
nan_count: 0
mae: 0.36055925488471985
nan_count: 0
