mse: 0.32518255710601807
nan_count: 0
mae: 0.3619641661643982
nan_count: 0
