mse: 0.3254437744617462
nan_count: 0
mae: 0.36196306347846985
nan_count: 0
