mse: 0.33250418305397034
nan_count: 0
mae: 0.3670322000980377
nan_count: 0
