mse: 0.3260452151298523
nan_count: 0
mae: 0.3627776801586151
nan_count: 0
