mse: 0.3380128741264343
nan_count: 0
mae: 0.3711923062801361
nan_count: 0
