mse: 0.3258955180644989
nan_count: 0
mae: 0.3624807894229889
nan_count: 0
