mse: 0.3261103630065918
nan_count: 0
mae: 0.3628108501434326
nan_count: 0
