mse: 0.32427671551704407
nan_count: 0
mae: 0.36125728487968445
nan_count: 0
