mse: 0.3705015778541565
nan_count: 0
mae: 0.3939209580421448
nan_count: 0
