mse: 0.47511500120162964
nan_count: 0
mae: 0.4570106267929077
nan_count: 0
