mse: 0.3255426585674286
nan_count: 0
mae: 0.3621167242527008
nan_count: 0
