mse: 0.32580775022506714
nan_count: 0
mae: 0.362517386674881
nan_count: 0
