mse: 0.32613301277160645
nan_count: 0
mae: 0.36274778842926025
nan_count: 0
