mse: 0.3259739577770233
nan_count: 0
mae: 0.36230146884918213
nan_count: 0
