mse: 0.32584264874458313
nan_count: 0
mae: 0.3626402020454407
nan_count: 0
