mse: 0.3253624737262726
nan_count: 0
mae: 0.3621343672275543
nan_count: 0
