mse: 0.5158365368843079
nan_count: 0
mae: 0.47397133708000183
nan_count: 0
