mse: 0.3415510654449463
nan_count: 0
mae: 0.3742620050907135
nan_count: 0
