mse: 0.3256296217441559
nan_count: 0
mae: 0.3623323142528534
nan_count: 0
