mse: 0.3431614935398102
nan_count: 0
mae: 0.3757200837135315
nan_count: 0
