mse: 0.32512038946151733
nan_count: 0
mae: 0.36166322231292725
nan_count: 0
