mse: 0.3304770588874817
nan_count: 0
mae: 0.3661280572414398
nan_count: 0
