mse: 0.3630494773387909
nan_count: 0
mae: 0.3888702392578125
nan_count: 0
