mse: 0.3390251398086548
nan_count: 0
mae: 0.3722571134567261
nan_count: 0
