mse: 0.3240854740142822
nan_count: 0
mae: 0.3610399663448334
nan_count: 0
