mse: 0.3225109279155731
nan_count: 0
mae: 0.3599270284175873
nan_count: 0
