mse: 0.34110361337661743
nan_count: 0
mae: 0.37329038977622986
nan_count: 0
