mse: 0.49827834963798523
nan_count: 0
mae: 0.4679935872554779
nan_count: 0
