mse: 0.4207184612751007
nan_count: 0
mae: 0.4231536090373993
nan_count: 0
