mse: 0.3224372863769531
nan_count: 0
mae: 0.3599088191986084
nan_count: 0
