mse: 0.5115025639533997
nan_count: 0
mae: 0.4738835394382477
nan_count: 0
