mse: 0.3254447877407074
nan_count: 0
mae: 0.36219534277915955
nan_count: 0
