mse: 0.3429032862186432
nan_count: 0
mae: 0.3750542402267456
nan_count: 0
