mse: 0.3245282769203186
nan_count: 0
mae: 0.3613972067832947
nan_count: 0
