mse: 0.32444098591804504
nan_count: 0
mae: 0.3613497018814087
nan_count: 0
