mse: 0.37060225009918213
nan_count: 0
mae: 0.39293020963668823
nan_count: 0
