mse: 0.3255842924118042
nan_count: 0
mae: 0.362298846244812
nan_count: 0
