mse: 0.37491071224212646
nan_count: 0
mae: 0.3938298523426056
nan_count: 0
