mse: 0.3258306384086609
nan_count: 0
mae: 0.3625109791755676
nan_count: 0
