mse: 0.3394952416419983
nan_count: 0
mae: 0.3722183406352997
nan_count: 0
