mse: 0.32532039284706116
nan_count: 0
mae: 0.36164891719818115
nan_count: 0
