mse: 0.32245972752571106
nan_count: 0
mae: 0.359915554523468
nan_count: 0
