mse: 0.3253134787082672
nan_count: 0
mae: 0.3620810806751251
nan_count: 0
