mse: 0.32554152607917786
nan_count: 0
mae: 0.362129271030426
nan_count: 0
