mse: 0.359311044216156
nan_count: 0
mae: 0.38547569513320923
nan_count: 0
