mse: 0.32261401414871216
nan_count: 0
mae: 0.36003780364990234
nan_count: 0
