mse: 0.32613152265548706
nan_count: 0
mae: 0.36245566606521606
nan_count: 0
