mse: 0.3257533013820648
nan_count: 0
mae: 0.3624532222747803
nan_count: 0
