mse: 0.32580655813217163
nan_count: 0
mae: 0.36247479915618896
nan_count: 0
