mse: 0.46841099858283997
nan_count: 0
mae: 0.4513257145881653
nan_count: 0
