mse: 0.3904629051685333
nan_count: 0
mae: 0.40525421500205994
nan_count: 0
