mse: 0.3241708278656006
nan_count: 0
mae: 0.3611757159233093
nan_count: 0
