mse: 0.32536542415618896
nan_count: 0
mae: 0.3621331453323364
nan_count: 0
