mse: 0.32425591349601746
nan_count: 0
mae: 0.36123448610305786
nan_count: 0
