mse: 0.47456982731819153
nan_count: 0
mae: 0.45375365018844604
nan_count: 0
