mse: 0.3257478177547455
nan_count: 0
mae: 0.36244264245033264
nan_count: 0
