mse: 0.32536327838897705
nan_count: 0
mae: 0.36181333661079407
nan_count: 0
