mse: 0.32486629486083984
nan_count: 0
mae: 0.361372172832489
nan_count: 0
