mse: 0.45635491609573364
nan_count: 0
mae: 0.446254700422287
nan_count: 0
