mse: 0.32575902342796326
nan_count: 0
mae: 0.36244383454322815
nan_count: 0
