mse: 0.327001690864563
nan_count: 0
mae: 0.36371591687202454
nan_count: 0
