mse: 0.3318338394165039
nan_count: 0
mae: 0.3668527901172638
nan_count: 0
