mse: 0.342978298664093
nan_count: 0
mae: 0.37563493847846985
nan_count: 0
