mse: 0.3254755437374115
nan_count: 0
mae: 0.3623027205467224
nan_count: 0
