mse: 0.32526206970214844
nan_count: 0
mae: 0.3620423972606659
nan_count: 0
