mse: 0.32531625032424927
nan_count: 0
mae: 0.3616940677165985
nan_count: 0
