mse: 0.32817578315734863
nan_count: 0
mae: 0.3646053969860077
nan_count: 0
