mse: 0.32312509417533875
nan_count: 0
mae: 0.3603636920452118
nan_count: 0
