mse: 0.32713210582733154
nan_count: 0
mae: 0.36358556151390076
nan_count: 0
