mse: 0.32590019702911377
nan_count: 0
mae: 0.36205828189849854
nan_count: 0
