mse: 0.3271122872829437
nan_count: 0
mae: 0.3637363016605377
nan_count: 0
