mse: 0.32542797923088074
nan_count: 0
mae: 0.3616306781768799
nan_count: 0
