mse: 0.3632062077522278
nan_count: 0
mae: 0.3877160847187042
nan_count: 0
