mse: 0.3526822626590729
nan_count: 0
mae: 0.38149452209472656
nan_count: 0
