mse: 0.3552880883216858
nan_count: 0
mae: 0.3834814429283142
nan_count: 0
