mse: 0.32572558522224426
nan_count: 0
mae: 0.36240699887275696
nan_count: 0
