mse: 0.3251323103904724
nan_count: 0
mae: 0.361497163772583
nan_count: 0
