mse: 0.32503172755241394
nan_count: 0
mae: 0.3617512881755829
nan_count: 0
