mse: 0.32494959235191345
nan_count: 0
mae: 0.36178311705589294
nan_count: 0
