mse: 0.3231009840965271
nan_count: 0
mae: 0.36032095551490784
nan_count: 0
