mse: 0.3700029253959656
nan_count: 0
mae: 0.3921818435192108
nan_count: 0
