mse: 0.3260955810546875
nan_count: 0
mae: 0.3627306818962097
nan_count: 0
