mse: 0.4511016011238098
nan_count: 0
mae: 0.4417482316493988
nan_count: 0
