mse: 0.32961875200271606
nan_count: 0
mae: 0.36524853110313416
nan_count: 0
