mse: 0.32514718174934387
nan_count: 0
mae: 0.36151963472366333
nan_count: 0
