mse: 0.339016854763031
nan_count: 0
mae: 0.372330904006958
nan_count: 0
