mse: 0.32421034574508667
nan_count: 0
mae: 0.361197829246521
nan_count: 0
