mse: 0.3253767490386963
nan_count: 0
mae: 0.36198389530181885
nan_count: 0
