mse: 0.3655179738998413
nan_count: 0
mae: 0.3910706639289856
nan_count: 0
