mse: 0.323862224817276
nan_count: 0
mae: 0.3609519898891449
nan_count: 0
