mse: 0.4604393243789673
nan_count: 0
mae: 0.4508109390735626
nan_count: 0
