mse: 0.3251301348209381
nan_count: 0
mae: 0.36192819476127625
nan_count: 0
