mse: 0.32608601450920105
nan_count: 0
mae: 0.3627295196056366
nan_count: 0
