mse: 0.4420311748981476
nan_count: 0
mae: 0.43450939655303955
nan_count: 0
