mse: 0.35593777894973755
nan_count: 0
mae: 0.3830154538154602
nan_count: 0
