mse: 0.3244817852973938
nan_count: 0
mae: 0.3613816499710083
nan_count: 0
