mse: 0.327560693025589
nan_count: 0
mae: 0.36371418833732605
nan_count: 0
