mse: 0.32640641927719116
nan_count: 0
mae: 0.3630155324935913
nan_count: 0
