mse: 0.32509681582450867
nan_count: 0
mae: 0.3619050979614258
nan_count: 0
