mse: 0.3870939612388611
nan_count: 0
mae: 0.4065930247306824
nan_count: 0
