mse: 0.3222314119338989
nan_count: 0
mae: 0.35976338386535645
nan_count: 0
