mse: 0.32492080330848694
nan_count: 0
mae: 0.36183595657348633
nan_count: 0
