mse: 0.32572880387306213
nan_count: 0
mae: 0.3624143898487091
nan_count: 0
