mse: 0.32547906041145325
nan_count: 0
mae: 0.3619939684867859
nan_count: 0
