mse: 0.3243672847747803
nan_count: 0
mae: 0.36130884289741516
nan_count: 0
