mse: 0.3361392915248871
nan_count: 0
mae: 0.3699163496494293
nan_count: 0
