mse: 0.3243648409843445
nan_count: 0
mae: 0.3613654673099518
nan_count: 0
