mse: 0.41496971249580383
nan_count: 0
mae: 0.4204098582267761
nan_count: 0
