mse: 0.329414039850235
nan_count: 0
mae: 0.36539819836616516
nan_count: 0
