mse: 0.32482248544692993
nan_count: 0
mae: 0.36167818307876587
nan_count: 0
