mse: 0.322992205619812
nan_count: 0
mae: 0.36024904251098633
nan_count: 0
