mse: 0.3330951929092407
nan_count: 0
mae: 0.3682359755039215
nan_count: 0
