mse: 0.3257768154144287
nan_count: 0
mae: 0.3624546229839325
nan_count: 0
