mse: 0.32572469115257263
nan_count: 0
mae: 0.36227354407310486
nan_count: 0
