mse: 0.3535003364086151
nan_count: 0
mae: 0.3816092908382416
nan_count: 0
