mse: 0.33577969670295715
nan_count: 0
mae: 0.37032049894332886
nan_count: 0
