mse: 0.32459115982055664
nan_count: 0
mae: 0.3614336848258972
nan_count: 0
