mse: 0.32736578583717346
nan_count: 0
mae: 0.3634882867336273
nan_count: 0
