mse: 0.4389711618423462
nan_count: 0
mae: 0.4341052174568176
nan_count: 0
