mse: 0.3238058388233185
nan_count: 0
mae: 0.3608818054199219
nan_count: 0
