mse: 0.32574278116226196
nan_count: 0
mae: 0.36255985498428345
nan_count: 0
