mse: 0.32774025201797485
nan_count: 0
mae: 0.36390355229377747
nan_count: 0
