mse: 0.33241593837738037
nan_count: 0
mae: 0.3672427237033844
nan_count: 0
