mse: 0.3290513753890991
nan_count: 0
mae: 0.3650083839893341
nan_count: 0
