mse: 0.39709675312042236
nan_count: 0
mae: 0.4090782403945923
nan_count: 0
