mse: 0.3251856863498688
nan_count: 0
mae: 0.36164405941963196
nan_count: 0
