mse: 0.5019524693489075
nan_count: 0
mae: 0.4698370099067688
nan_count: 0
