mse: 0.3253633677959442
nan_count: 0
mae: 0.3618808686733246
nan_count: 0
