mse: 0.32611051201820374
nan_count: 0
mae: 0.3627450466156006
nan_count: 0
