mse: 0.3572368621826172
nan_count: 0
mae: 0.38604405522346497
nan_count: 0
