mse: 0.3293862044811249
nan_count: 0
mae: 0.3650515377521515
nan_count: 0
