mse: 0.3242188096046448
nan_count: 0
mae: 0.3612005412578583
nan_count: 0
