mse: 0.32956939935684204
nan_count: 0
mae: 0.36519670486450195
nan_count: 0
