mse: 0.3538498282432556
nan_count: 0
mae: 0.38130900263786316
nan_count: 0
