mse: 0.3263941705226898
nan_count: 0
mae: 0.3626444637775421
nan_count: 0
