mse: 0.3234359622001648
nan_count: 0
mae: 0.3606163561344147
nan_count: 0
