mse: 0.3256421983242035
nan_count: 0
mae: 0.3621833026409149
nan_count: 0
