mse: 0.32613298296928406
nan_count: 0
mae: 0.36275020241737366
nan_count: 0
