mse: 0.3313687741756439
nan_count: 0
mae: 0.3666110634803772
nan_count: 0
