mse: 0.3665074408054352
nan_count: 0
mae: 0.3922339975833893
nan_count: 0
