mse: 0.3619674742221832
nan_count: 0
mae: 0.38685286045074463
nan_count: 0
