mse: 0.3260709047317505
nan_count: 0
mae: 0.3624149560928345
nan_count: 0
