mse: 0.3251110911369324
nan_count: 0
mae: 0.36191385984420776
nan_count: 0
