mse: 0.32583197951316833
nan_count: 0
mae: 0.3625216484069824
nan_count: 0
