mse: 0.3866385519504547
nan_count: 0
mae: 0.4052201509475708
nan_count: 0
