mse: 0.325511634349823
nan_count: 0
mae: 0.36196190118789673
nan_count: 0
