mse: 0.3261103332042694
nan_count: 0
mae: 0.3627423346042633
nan_count: 0
