mse: 0.37050294876098633
nan_count: 0
mae: 0.39357122778892517
nan_count: 0
