mse: 0.34185072779655457
nan_count: 0
mae: 0.37436118721961975
nan_count: 0
