mse: 0.3257618248462677
nan_count: 0
mae: 0.3624458611011505
nan_count: 0
