mse: 0.32269901037216187
nan_count: 0
mae: 0.36008429527282715
nan_count: 0
