mse: 0.32273542881011963
nan_count: 0
mae: 0.36010417342185974
nan_count: 0
