mse: 0.3353184461593628
nan_count: 0
mae: 0.36948835849761963
nan_count: 0
