mse: 0.35746726393699646
nan_count: 0
mae: 0.3842596411705017
nan_count: 0
