mse: 0.3254033625125885
nan_count: 0
mae: 0.3619824945926666
nan_count: 0
