mse: 0.37064993381500244
nan_count: 0
mae: 0.3926692605018616
nan_count: 0
