mse: 0.38905349373817444
nan_count: 0
mae: 0.40460553765296936
nan_count: 0
