mse: 0.323611319065094
nan_count: 0
mae: 0.3607257604598999
nan_count: 0
