mse: 0.33996912837028503
nan_count: 0
mae: 0.3724539875984192
nan_count: 0
