mse: 0.4193202555179596
nan_count: 0
mae: 0.4207577109336853
nan_count: 0
