mse: 0.35898473858833313
nan_count: 0
mae: 0.38610637187957764
nan_count: 0
