mse: 0.3257185220718384
nan_count: 0
mae: 0.3624038100242615
nan_count: 0
