mse: 0.3329418897628784
nan_count: 0
mae: 0.36773741245269775
nan_count: 0
