mse: 0.32271164655685425
nan_count: 0
mae: 0.36012089252471924
nan_count: 0
