mse: 0.3257332146167755
nan_count: 0
mae: 0.36242449283599854
nan_count: 0
