mse: 0.4817838966846466
nan_count: 0
mae: 0.4583311975002289
nan_count: 0
