mse: 0.32287248969078064
nan_count: 0
mae: 0.36016273498535156
nan_count: 0
