mse: 0.32548534870147705
nan_count: 0
mae: 0.36206620931625366
nan_count: 0
