mse: 0.32466572523117065
nan_count: 0
mae: 0.3615281879901886
nan_count: 0
