mse: 0.32466763257980347
nan_count: 0
mae: 0.36153697967529297
nan_count: 0
