mse: 0.3249920904636383
nan_count: 0
mae: 0.3617141544818878
nan_count: 0
