mse: 0.32444772124290466
nan_count: 0
mae: 0.3613418638706207
nan_count: 0
