mse: 0.3229987919330597
nan_count: 0
mae: 0.36030882596969604
nan_count: 0
