mse: 0.3273341953754425
nan_count: 0
mae: 0.36403030157089233
nan_count: 0
