mse: 0.46336546540260315
nan_count: 0
mae: 0.4486660361289978
nan_count: 0
