mse: 0.4880262017250061
nan_count: 0
mae: 0.4610272943973541
nan_count: 0
