mse: 0.32223278284072876
nan_count: 0
mae: 0.35981854796409607
nan_count: 0
