mse: 0.32583799958229065
nan_count: 0
mae: 0.3625618815422058
nan_count: 0
