mse: 0.3667007386684418
nan_count: 0
mae: 0.392780601978302
nan_count: 0
