mse: 0.32564398646354675
nan_count: 0
mae: 0.3623483180999756
nan_count: 0
