mse: 0.3238821029663086
nan_count: 0
mae: 0.36093977093696594
nan_count: 0
