mse: 0.5055856704711914
nan_count: 0
mae: 0.46860864758491516
nan_count: 0
