mse: 0.32367369532585144
nan_count: 0
mae: 0.36080202460289
nan_count: 0
