mse: 0.3384931683540344
nan_count: 0
mae: 0.3712962865829468
nan_count: 0
