mse: 0.3255789577960968
nan_count: 0
mae: 0.36228668689727783
nan_count: 0
