mse: 0.32587531208992004
nan_count: 0
mae: 0.3625516891479492
nan_count: 0
