mse: 0.3565642535686493
nan_count: 0
mae: 0.3838064968585968
nan_count: 0
