mse: 0.32536938786506653
nan_count: 0
mae: 0.36183714866638184
nan_count: 0
