mse: 0.41696834564208984
nan_count: 0
mae: 0.42365050315856934
nan_count: 0
