mse: 0.3228667080402374
nan_count: 0
mae: 0.3601720333099365
nan_count: 0
