mse: 0.3246370255947113
nan_count: 0
mae: 0.3614993393421173
nan_count: 0
