mse: 0.32545197010040283
nan_count: 0
mae: 0.3621797263622284
nan_count: 0
