mse: 0.3225696384906769
nan_count: 0
mae: 0.3599848449230194
nan_count: 0
