mse: 0.32991528511047363
nan_count: 0
mae: 0.36534440517425537
nan_count: 0
