mse: 0.3252849578857422
nan_count: 0
mae: 0.36169034242630005
nan_count: 0
