mse: 0.3550092875957489
nan_count: 0
mae: 0.3827607035636902
nan_count: 0
