mse: 0.3246343731880188
nan_count: 0
mae: 0.3615453243255615
nan_count: 0
