mse: 0.3252117335796356
nan_count: 0
mae: 0.36197206377983093
nan_count: 0
