mse: 0.3250766694545746
nan_count: 0
mae: 0.3618820011615753
nan_count: 0
