mse: 0.3254064619541168
nan_count: 0
mae: 0.3621688783168793
nan_count: 0
