mse: 0.3256528079509735
nan_count: 0
mae: 0.3623626232147217
nan_count: 0
