mse: 0.32409074902534485
nan_count: 0
mae: 0.361113041639328
nan_count: 0
