mse: 0.32408225536346436
nan_count: 0
mae: 0.3611246943473816
nan_count: 0
