mse: 0.3255469799041748
nan_count: 0
mae: 0.36202552914619446
nan_count: 0
