mse: 0.34034663438796997
nan_count: 0
mae: 0.3726873993873596
nan_count: 0
