mse: 0.3525600731372833
nan_count: 0
mae: 0.38065940141677856
nan_count: 0
