mse: 0.46196484565734863
nan_count: 0
mae: 0.44888556003570557
nan_count: 0
