mse: 0.32463282346725464
nan_count: 0
mae: 0.36150774359703064
nan_count: 0
