mse: 0.3226499557495117
nan_count: 0
mae: 0.36000052094459534
nan_count: 0
