mse: 0.32506653666496277
nan_count: 0
mae: 0.3618701100349426
nan_count: 0
