mse: 0.37503620982170105
nan_count: 0
mae: 0.3968804180622101
nan_count: 0
