mse: 0.32613858580589294
nan_count: 0
mae: 0.36274921894073486
nan_count: 0
