mse: 0.3225434422492981
nan_count: 0
mae: 0.3599688410758972
nan_count: 0
