mse: 0.36834368109703064
nan_count: 0
mae: 0.39296475052833557
nan_count: 0
