mse: 0.324870228767395
nan_count: 0
mae: 0.36160555481910706
nan_count: 0
