mse: 0.32524409890174866
nan_count: 0
mae: 0.3617992699146271
nan_count: 0
