mse: 0.3223220109939575
nan_count: 0
mae: 0.3598373532295227
nan_count: 0
