mse: 0.32574015855789185
nan_count: 0
mae: 0.36238908767700195
nan_count: 0
