mse: 0.3226403295993805
nan_count: 0
mae: 0.35998567938804626
nan_count: 0
