mse: 3.3438150882720947
mae: 1.1641451120376587
