mse: 3.360886573791504
mae: 1.1632813215255737
