mse: 11.789855003356934
mae: 2.628701686859131
