mse: 4.329474449157715
mae: 1.3308604955673218
