mse: 3.4093291759490967
mae: 1.1661704778671265
