mse: 3.0743396282196045
mae: 1.0960240364074707
