mse: 3.2210471630096436
mae: 1.109386682510376
