mse: 3.0618250370025635
mae: 1.0998502969741821
