mse: 3.094893217086792
mae: 1.0897406339645386
