mse: 3.149418592453003
mae: 1.1071667671203613
