mse: 3.0708227157592773
mae: 1.0976814031600952
