mse: 3.1444342136383057
mae: 1.1003687381744385
