mse: 5.707261085510254
mae: 1.6048105955123901
