mse: 3.2212331295013428
mae: 1.1061960458755493
