mse: 3.367368698120117
mae: 1.1389847993850708
