mse: 3.078280210494995
mae: 1.0980641841888428
