mse: 3.2649753093719482
mae: 1.1200379133224487
