mse: 3.080457925796509
mae: 1.09842050075531
