mse: 4.9918413162231445
mae: 1.4549775123596191
