mse: 4.806535243988037
mae: 1.420907974243164
