mse: 4.906331539154053
mae: 1.4450421333312988
