mse: 3.3452987670898438
mae: 1.1648494005203247
