mse: 3.111229181289673
mae: 1.0990861654281616
