mse: 3.3501229286193848
mae: 1.1385643482208252
