mse: 3.1450002193450928
mae: 1.1058207750320435
