mse: 3.189455509185791
mae: 1.1022335290908813
