mse: 10.224786758422852
mae: 2.421994686126709
