mse: 3.11731219291687
mae: 1.0916163921356201
