mse: 7.3084516525268555
mae: 1.9034651517868042
