mse: 3.093996286392212
mae: 1.095616102218628
