mse: 3.356809616088867
mae: 1.1345521211624146
