mse: 8.286979675292969
mae: 2.055175542831421
