mse: 3.123566150665283
mae: 1.0928131341934204
