mse: 3.916698932647705
mae: 1.2543048858642578
