mse: 4.627947807312012
mae: 1.387180209159851
