mse: 3.07531476020813
mae: 1.0957530736923218
