mse: 3.233189105987549
mae: 1.10958731174469
