mse: 3.399815559387207
mae: 1.1462688446044922
