mse: 3.064464569091797
mae: 1.101342797279358
