mse: 3.1085550785064697
mae: 1.0958900451660156
