mse: 3.1868817806243896
mae: 1.1001887321472168
