mse: 3.0884897708892822
mae: 1.098742127418518
