mse: 3.3548202514648438
mae: 1.1597429513931274
