mse: 3.0814099311828613
mae: 1.0995770692825317
