mse: 3.098189115524292
mae: 1.0964699983596802
