mse: 3.0890862941741943
mae: 1.0970972776412964
