mse: 4.60891580581665
mae: 1.3789244890213013
