mse: 3.3877248764038086
mae: 1.1436220407485962
