mse: 3.893390417098999
mae: 1.2467211484909058
