mse: 3.250361680984497
mae: 1.1179118156433105
