mse: 3.6019015312194824
mae: 1.164905309677124
