mse: 3.1606411933898926
mae: 1.097710132598877
