mse: 3.112367868423462
mae: 1.098181962966919
