mse: 3.213655710220337
mae: 1.108005166053772
