mse: 3.5311203002929688
mae: 1.1803635358810425
