mse: 3.58162784576416
mae: 1.1862269639968872
