mse: 11.584766387939453
mae: 2.6475412845611572
