mse: 3.5390737056732178
mae: 1.179526686668396
