mse: 9.991495132446289
mae: 2.3866801261901855
