mse: 3.071897506713867
mae: 1.0871310234069824
