mse: 3.065819025039673
mae: 1.101689338684082
