mse: 3.2065863609313965
mae: 1.1076743602752686
