mse: 3.3676977157592773
mae: 1.164137601852417
