mse: 3.1446239948272705
mae: 1.0952216386795044
