mse: 3.0793216228485107
mae: 1.085921049118042
