mse: 5.186844825744629
mae: 1.5002708435058594
