mse: 3.840080499649048
mae: 1.2400799989700317
