mse: 7.0602521896362305
mae: 1.8251821994781494
