mse: 3.3459525108337402
mae: 1.16575026512146
