mse: 3.8408658504486084
mae: 1.2447751760482788
