mse: 3.0649397373199463
mae: 1.1009799242019653
