mse: 3.3852338790893555
mae: 1.1419059038162231
