mse: 3.344660520553589
mae: 1.1646361351013184
