mse: 5.055610656738281
mae: 1.4761840105056763
