mse: 3.1394572257995605
mae: 1.0983483791351318
