mse: 3.5940420627593994
mae: 1.1925344467163086
