mse: 3.097984552383423
mae: 1.1014490127563477
