mse: 3.0850517749786377
mae: 1.0911799669265747
