mse: 3.079725503921509
mae: 1.0982109308242798
