mse: 3.1518964767456055
mae: 1.10251784324646
