mse: 3.3126816749572754
mae: 1.1278724670410156
