mse: 3.1033692359924316
mae: 1.093051552772522
