mse: 3.077627420425415
mae: 1.0869300365447998
