mse: 3.344397783279419
mae: 1.1631428003311157
