mse: 3.18119215965271
mae: 1.103959083557129
