mse: 3.3559319972991943
mae: 1.1617412567138672
