mse: 3.113647222518921
mae: 1.1021389961242676
