mse: 3.344539165496826
mae: 1.16473388671875
