mse: 3.087009906768799
mae: 1.0890727043151855
