mse: 3.0987765789031982
mae: 1.0968973636627197
