mse: 3.0845043659210205
mae: 1.0973798036575317
