mse: 3.27339243888855
mae: 1.1178182363510132
