mse: 7.332406997680664
mae: 1.9112181663513184
