mse: 3.0725667476654053
mae: 1.0957714319229126
