mse: 3.130345344543457
mae: 1.1053248643875122
