mse: 3.864422559738159
mae: 1.2453885078430176
