mse: 3.3671891689300537
mae: 1.1634031534194946
