mse: 3.3352580070495605
mae: 1.1339073181152344
