mse: 3.2344651222229004
mae: 1.1102057695388794
