mse: 3.2353360652923584
mae: 1.1096597909927368
