mse: 3.8459722995758057
mae: 1.2393301725387573
