mse: 3.361811399459839
mae: 1.1586624383926392
