mse: 3.313624858856201
mae: 1.133923053741455
