mse: 3.160385847091675
mae: 1.0954188108444214
