mse: 3.3491129875183105
mae: 1.1627769470214844
