mse: 3.360934019088745
mae: 1.1615166664123535
