mse: 3.2988455295562744
mae: 1.1269903182983398
