mse: 3.065155267715454
mae: 1.1011946201324463
