mse: 3.660281181335449
mae: 1.2039880752563477
