mse: 3.1191294193267822
mae: 1.091882586479187
