mse: 3.2148752212524414
mae: 1.1104457378387451
