mse: 3.065764904022217
mae: 1.101507306098938
