mse: 3.354818820953369
mae: 1.1632295846939087
