mse: 3.063741445541382
mae: 1.1007122993469238
