mse: 3.1297755241394043
mae: 1.0902048349380493
