mse: 3.205904245376587
mae: 1.1064075231552124
