mse: 3.2505080699920654
mae: 1.1151716709136963
