mse: 3.1972672939300537
mae: 1.1033321619033813
