mse: 3.112916946411133
mae: 1.0952175855636597
