mse: 3.128822088241577
mae: 1.0950804948806763
