mse: 3.0878961086273193
mae: 1.0910048484802246
