mse: 3.240556478500366
mae: 1.1129058599472046
