mse: 10.672882080078125
mae: 2.4230480194091797
