mse: 3.0609116554260254
mae: 1.096885323524475
