mse: 3.059910297393799
mae: 1.0993187427520752
