mse: 3.382244825363159
mae: 1.1608490943908691
