mse: 3.1298084259033203
mae: 1.0940544605255127
