mse: 3.228626012802124
mae: 1.107277750968933
