mse: 3.282270908355713
mae: 1.1222107410430908
