mse: 3.069145679473877
mae: 1.0960932970046997
