mse: 3.3113670349121094
mae: 1.1267049312591553
