mse: 4.67115592956543
mae: 1.3939025402069092
