mse: 3.362072229385376
mae: 1.1638052463531494
