mse: 3.100487470626831
mae: 1.101466178894043
