mse: 3.211048126220703
mae: 1.1059134006500244
