mse: 3.0642995834350586
mae: 1.1008853912353516
