mse: 3.231750011444092
mae: 1.112659215927124
