mse: 9.715991973876953
mae: 2.258528232574463
