mse: 3.259596586227417
mae: 1.1170564889907837
