mse: 3.1280341148376465
mae: 1.0915732383728027
