mse: 3.294543504714966
mae: 1.1229411363601685
