mse: 3.1524758338928223
mae: 1.0993903875350952
