mse: 3.352652072906494
mae: 1.1653701066970825
