mse: 3.3528223037719727
mae: 1.1398060321807861
