mse: 3.0639240741729736
mae: 1.1017342805862427
