mse: 3.111459970474243
mae: 1.0966793298721313
