mse: 3.0883898735046387
mae: 1.0996381044387817
