mse: 3.084019899368286
mae: 1.0880441665649414
