mse: 3.6356277465820312
mae: 1.19634211063385
