mse: 4.457882881164551
mae: 1.3542699813842773
