mse: 3.1338253021240234
mae: 1.093048334121704
