mse: 3.0757334232330322
mae: 1.092889428138733
