mse: 3.3499033451080322
mae: 1.1645069122314453
