mse: 3.108860492706299
mae: 1.097383975982666
