mse: 3.063995838165283
mae: 1.1007258892059326
