mse: 3.073758602142334
mae: 1.088600993156433
