mse: 7.247318267822266
mae: 1.8488413095474243
