mse: 3.1264567375183105
mae: 1.0984076261520386
