mse: 3.246168613433838
mae: 1.1111801862716675
