mse: 3.0831186771392822
mae: 1.0917414426803589
