mse: 3.3444392681121826
mae: 1.1374565362930298
