mse: 3.113250494003296
mae: 1.0873924493789673
