mse: 3.135106325149536
mae: 1.0946266651153564
