mse: 10.142060279846191
mae: 2.4088656902313232
