mse: 5.464040279388428
mae: 1.5525057315826416
