mse: 4.244137287139893
mae: 1.3145115375518799
