mse: 7.183160781860352
mae: 1.8327033519744873
