mse: 3.3218657970428467
mae: 1.1332192420959473
