mse: 3.369675636291504
mae: 1.1391959190368652
