mse: 3.065035104751587
mae: 1.1011576652526855
