mse: 9.60711669921875
mae: 2.2771785259246826
