mse: 12.380820274353027
mae: 2.715954303741455
