mse: 7.40630578994751
mae: 1.923073649406433
