mse: 3.535888910293579
mae: 1.1827259063720703
