mse: 8.579560279846191
mae: 2.1129984855651855
