mse: 3.0663535594940186
mae: 1.101620078086853
