mse: 3.5103766918182373
mae: 1.1737589836120605
