mse: 3.1203205585479736
mae: 1.0959964990615845
