mse: 3.0741868019104004
mae: 1.094427227973938
