mse: 3.105767011642456
mae: 1.1014719009399414
