mse: 8.731573104858398
mae: 2.094985008239746
