mse: 3.281000852584839
mae: 1.1222715377807617
