mse: 3.135788679122925
mae: 1.101298213005066
