mse: 3.2181854248046875
mae: 1.1091810464859009
