mse: 3.353529930114746
mae: 1.1600956916809082
