mse: 3.0742528438568115
mae: 1.094181776046753
