mse: 3.3472046852111816
mae: 1.1637731790542603
