mse: 3.111792802810669
mae: 1.0991395711898804
