mse: 3.138841152191162
mae: 1.093470573425293
