mse: 3.3469700813293457
mae: 1.1622802019119263
