mse: 3.2317163944244385
mae: 1.1092157363891602
