mse: 7.009181976318359
mae: 1.8466795682907104
