mse: 3.1026058197021484
mae: 1.0905579328536987
