mse: 3.0638933181762695
mae: 1.1006966829299927
