mse: 3.2405121326446533
mae: 1.113696813583374
