mse: 3.105922222137451
mae: 1.0951465368270874
