mse: 3.502758741378784
mae: 1.1677076816558838
