mse: 3.521468162536621
mae: 1.1775437593460083
