mse: 3.262507200241089
mae: 1.1215534210205078
