mse: 3.078472852706909
mae: 1.0924761295318604
