mse: 3.084350824356079
mae: 1.0994058847427368
