mse: 3.1065657138824463
mae: 1.090279459953308
