mse: 3.0927021503448486
mae: 1.099616527557373
