mse: 8.124117851257324
mae: 2.025158405303955
