mse: 3.097153425216675
mae: 1.0883105993270874
