mse: 3.1361706256866455
mae: 1.092862606048584
