mse: 3.064802646636963
mae: 1.101381778717041
