mse: 5.5682783126831055
mae: 1.5820741653442383
