mse: 3.240173101425171
mae: 1.112165927886963
