mse: 3.1228721141815186
mae: 1.0985307693481445
