mse: 3.0584020614624023
mae: 1.0951484441757202
