mse: 5.137430667877197
mae: 1.4884499311447144
