mse: 3.165081024169922
mae: 1.0998992919921875
