mse: 3.284245491027832
mae: 1.1170117855072021
