mse: 4.841794490814209
mae: 1.4313843250274658
