mse: 3.1753311157226562
mae: 1.101047396659851
