mse: 3.1819369792938232
mae: 1.1051169633865356
