mse: 3.136523723602295
mae: 1.0929421186447144
