mse: 3.5902271270751953
mae: 1.1622596979141235
