mse: 3.1368448734283447
mae: 1.0927469730377197
