mse: 3.0935726165771484
mae: 1.093868374824524
