mse: 3.091979503631592
mae: 1.0917490720748901
