mse: 4.800611972808838
mae: 1.4253731966018677
