mse: 3.3481717109680176
mae: 1.13688063621521
