mse: 3.0690407752990723
mae: 1.0901315212249756
