mse: 3.140022039413452
mae: 1.0970889329910278
