mse: 4.272416591644287
mae: 1.3188270330429077
