mse: 3.8058621883392334
mae: 1.2371294498443604
