mse: 3.097350835800171
mae: 1.094482421875
