mse: 3.3583738803863525
mae: 1.1625491380691528
