mse: 3.2608394622802734
mae: 1.1169339418411255
