mse: 3.086799144744873
mae: 1.1000056266784668
