mse: 4.252109527587891
mae: 1.3184669017791748
