mse: 3.0884768962860107
mae: 1.0918830633163452
