mse: 3.081101179122925
mae: 1.102033257484436
