mse: 3.128950595855713
mae: 1.0935603380203247
