mse: 5.9340105056762695
mae: 1.6061402559280396
