mse: 3.2032723426818848
mae: 1.1075665950775146
