mse: 3.0687785148620605
mae: 1.0932292938232422
