mse: 3.0978217124938965
mae: 1.0961717367172241
