mse: 3.1715292930603027
mae: 1.1013990640640259
