mse: 3.343674898147583
mae: 1.1642789840698242
