mse: 3.2141597270965576
mae: 1.1051090955734253
