mse: 3.06288743019104
mae: 1.1006824970245361
