mse: 3.138782024383545
mae: 1.1025270223617554
