mse: 3.0794827938079834
mae: 1.0949002504348755
