mse: 3.0713367462158203
mae: 1.0969163179397583
