mse: 3.359116554260254
mae: 1.159399390220642
