mse: 3.166449546813965
mae: 1.0989502668380737
