mse: 3.315359592437744
mae: 1.1298975944519043
