mse: 3.9386696815490723
mae: 1.2565404176712036
