mse: 3.0763611793518066
mae: 1.091274380683899
