mse: 3.1020004749298096
mae: 1.0848201513290405
