mse: 3.1872425079345703
mae: 1.1087898015975952
