mse: 3.0622684955596924
mae: 1.1000186204910278
