mse: 3.353705644607544
mae: 1.1625545024871826
