mse: 3.1098408699035645
mae: 1.093634009361267
