mse: 3.360034942626953
mae: 1.1602249145507812
