mse: 3.0643136501312256
mae: 1.1008259057998657
