mse: 3.3465516567230225
mae: 1.1611055135726929
