mse: 3.339592933654785
mae: 1.1334855556488037
