mse: 3.45756196975708
mae: 1.1438161134719849
