mse: 9.772528648376465
mae: 2.3645336627960205
