mse: 3.1601431369781494
mae: 1.0972648859024048
