mse: 3.3466410636901855
mae: 1.1624507904052734
