mse: 3.3554270267486572
mae: 1.1594315767288208
