mse: 3.3792717456817627
mae: 1.1428223848342896
