mse: 3.1650843620300293
mae: 1.0984646081924438
