mse: 3.54290771484375
mae: 1.1806913614273071
