mse: 3.2422516345977783
mae: 1.1114972829818726
