mse: 3.0850892066955566
mae: 1.097996711730957
