mse: 3.0764694213867188
mae: 1.0995961427688599
