mse: 3.099905490875244
mae: 1.0858039855957031
