mse: 3.065959930419922
mae: 1.0932759046554565
