mse: 3.3825392723083496
mae: 1.1617109775543213
