mse: 3.1803910732269287
mae: 1.1004987955093384
