mse: 4.75424861907959
mae: 1.4141619205474854
