mse: 3.1470587253570557
mae: 1.0935769081115723
