mse: 4.23406982421875
mae: 1.3111997842788696
