mse: 3.079084634780884
mae: 1.0893962383270264
