mse: 3.163601875305176
mae: 1.1002520322799683
