mse: 3.127424955368042
mae: 1.0968804359436035
