mse: 3.064971685409546
mae: 1.101493000984192
