mse: 3.0655555725097656
mae: 1.10158371925354
