mse: 3.224061965942383
mae: 1.1073449850082397
