mse: 3.2478878498077393
mae: 1.116681694984436
