mse: 7.885289192199707
mae: 1.9398219585418701
