mse: 3.374427556991577
mae: 1.1398804187774658
