mse: 3.123795747756958
mae: 1.0916839838027954
