mse: 3.1880199909210205
mae: 1.1005752086639404
