mse: 3.095665216445923
mae: 1.088973879814148
