mse: 3.192676544189453
mae: 1.1013797521591187
