mse: 3.313401460647583
mae: 1.1299328804016113
