mse: 3.3548007011413574
mae: 1.137912392616272
