mse: 3.0919713973999023
mae: 1.101148009300232
