mse: 3.200836420059204
mae: 1.1017067432403564
