mse: 3.0665442943573
mae: 1.090799331665039
