mse: 3.3748176097869873
mae: 1.1593711376190186
