mse: 3.4165992736816406
mae: 1.1664886474609375
