mse: 5.489941596984863
mae: 1.5576634407043457
