mse: 3.1345508098602295
mae: 1.0917892456054688
