mse: 5.442257881164551
mae: 1.5507904291152954
