mse: 3.5209343433380127
mae: 1.1771825551986694
