mse: 6.096599578857422
mae: 1.680688738822937
