mse: 3.2637174129486084
mae: 1.1182222366333008
