mse: 7.732773303985596
mae: 1.9861608743667603
