mse: 3.1969940662384033
mae: 1.104382872581482
