mse: 3.2190093994140625
mae: 1.1073392629623413
