mse: 3.073404550552368
mae: 1.0882980823516846
