mse: 3.35858154296875
mae: 1.1622586250305176
