mse: 3.1775906085968018
mae: 1.1050292253494263
