mse: 4.686990737915039
mae: 1.3965299129486084
