mse: 4.802736759185791
mae: 1.4322007894515991
