mse: 3.156986713409424
mae: 1.0977838039398193
