mse: 5.591917037963867
mae: 1.5771808624267578
