mse: 7.572360038757324
mae: 1.9286710023880005
