mse: 3.077237129211426
mae: 1.0991770029067993
