mse: 4.300979137420654
mae: 1.3293825387954712
