mse: 3.211876630783081
mae: 1.1084623336791992
