mse: 3.1147427558898926
mae: 1.099192500114441
