mse: 3.115938425064087
mae: 1.0924582481384277
