mse: 3.062230348587036
mae: 1.0987706184387207
