mse: 3.3755807876586914
mae: 1.1634379625320435
