mse: 3.0982611179351807
mae: 1.0885698795318604
