mse: 3.373593330383301
mae: 1.1408220529556274
