mse: 3.1033260822296143
mae: 1.0892291069030762
