mse: 4.575203895568848
mae: 1.3725545406341553
