mse: 3.0860135555267334
mae: 1.0965207815170288
