mse: 5.66050910949707
mae: 1.59772789478302
