mse: 3.3473825454711914
mae: 1.1610897779464722
