mse: 3.130072832107544
mae: 1.0950051546096802
