mse: 3.3491809368133545
mae: 1.1638649702072144
