mse: 3.5119166374206543
mae: 1.1504195928573608
