mse: 3.1050267219543457
mae: 1.0897550582885742
