mse: 8.912461280822754
mae: 2.1881778240203857
