mse: 6.0043044090271
mae: 1.658077597618103
