mse: 3.7305569648742676
mae: 1.2187328338623047
