mse: 7.178579330444336
mae: 1.8806029558181763
