mse: 3.1491618156433105
mae: 1.0937473773956299
