mse: 3.333876848220825
mae: 1.1335487365722656
