mse: 7.26380729675293
mae: 1.8674767017364502
