mse: 3.1321017742156982
mae: 1.0979324579238892
