mse: 3.1216745376586914
mae: 1.1013656854629517
