mse: 3.0584847927093506
mae: 1.0986450910568237
