mse: 3.3729710578918457
mae: 1.1624038219451904
