mse: 3.8674333095550537
mae: 1.2486947774887085
