mse: 4.639809608459473
mae: 1.3884820938110352
