mse: 3.857797384262085
mae: 1.2423282861709595
