mse: 3.345282554626465
mae: 1.1621465682983398
