mse: 3.844909429550171
mae: 1.2471497058868408
