mse: 3.3838024139404297
mae: 1.1607475280761719
