mse: 3.0954723358154297
mae: 1.0848896503448486
