mse: 3.3713841438293457
mae: 1.1633045673370361
