mse: 3.2128777503967285
mae: 1.105669617652893
