mse: 3.065488576889038
mae: 1.101401448249817
