mse: 3.5177385807037354
mae: 1.1508678197860718
