mse: 3.0840628147125244
mae: 1.0961227416992188
