mse: 10.751020431518555
mae: 2.4881486892700195
