mse: 3.0806057453155518
mae: 1.0914738178253174
