mse: 3.1045072078704834
mae: 1.090362548828125
