mse: 3.1624562740325928
mae: 1.0963637828826904
