mse: 3.1081430912017822
mae: 1.0897647142410278
