mse: 8.914606094360352
mae: 2.18851900100708
