mse: 3.1254613399505615
mae: 1.0898607969284058
