mse: 3.1870832443237305
mae: 1.1124427318572998
