mse: 3.3656959533691406
mae: 1.1602438688278198
