mse: 3.0778348445892334
mae: 1.0930988788604736
