mse: 3.1968369483947754
mae: 1.1047792434692383
