mse: 3.1608753204345703
mae: 1.0953857898712158
