mse: 3.113308906555176
mae: 1.1012399196624756
