mse: 3.3976993560791016
mae: 1.1497617959976196
