mse: 3.123619556427002
mae: 1.0903332233428955
