mse: 3.179021120071411
mae: 1.0995033979415894
