mse: 3.128591775894165
mae: 1.106718897819519
