mse: 3.0997657775878906
mae: 1.0955394506454468
