mse: 3.164706230163574
mae: 1.097531795501709
