mse: 7.720855236053467
mae: 1.9536190032958984
