mse: 3.4102468490600586
mae: 1.1507374048233032
