mse: 3.4547502994537354
mae: 1.159335732460022
