mse: 3.124499797821045
mae: 1.0988272428512573
