mse: 3.0682735443115234
mae: 1.0975360870361328
