mse: 3.15596079826355
mae: 1.0981686115264893
