mse: 3.16740345954895
mae: 1.0983870029449463
