mse: 3.109468460083008
mae: 1.1000241041183472
