mse: 3.063572645187378
mae: 1.1002787351608276
