mse: 3.0839407444000244
mae: 1.0935839414596558
