mse: 4.7587361335754395
mae: 1.413344383239746
