mse: 4.585708141326904
mae: 1.3797119855880737
