mse: 3.131535053253174
mae: 1.0944643020629883
