mse: 11.171222686767578
mae: 2.4916303157806396
