mse: 3.3054816722869873
mae: 1.122876524925232
