mse: 3.3935279846191406
mae: 1.1644505262374878
