mse: 3.160616397857666
mae: 1.0969841480255127
