mse: 3.1520283222198486
mae: 1.095212459564209
