mse: 3.3639607429504395
mae: 1.158665657043457
