mse: 3.123105764389038
mae: 1.0902544260025024
