mse: 3.256833076477051
mae: 1.1144590377807617
