mse: 3.356739044189453
mae: 1.1606152057647705
