mse: 3.4644229412078857
mae: 1.1621487140655518
