mse: 3.4060862064361572
mae: 1.1325104236602783
