mse: 3.4289169311523438
mae: 1.1538283824920654
