mse: 3.1519575119018555
mae: 1.0957624912261963
