mse: 3.094421863555908
mae: 1.0930871963500977
