mse: 3.429565906524658
mae: 1.1548991203308105
