mse: 4.62186861038208
mae: 1.3842365741729736
