mse: 3.2217235565185547
mae: 1.1069546937942505
