mse: 3.37139630317688
mae: 1.1412694454193115
