mse: 3.0699548721313477
mae: 1.0905961990356445
