mse: 3.1167984008789062
mae: 1.0997192859649658
