mse: 8.469273567199707
mae: 2.0335335731506348
