mse: 4.190496444702148
mae: 1.270938515663147
