mse: 3.065783977508545
mae: 1.1016054153442383
