mse: 4.498370170593262
mae: 1.3691450357437134
