mse: 3.1388587951660156
mae: 1.0930509567260742
