mse: 3.372140645980835
mae: 1.1617764234542847
