mse: 3.089580535888672
mae: 1.0907548666000366
