mse: 3.3442113399505615
mae: 1.1643997430801392
