mse: 3.0658788681030273
mae: 1.0982807874679565
