mse: 5.547820568084717
mae: 1.5692479610443115
