mse: 3.325427293777466
mae: 1.1269104480743408
