mse: 3.9439241886138916
mae: 1.254714012145996
