mse: 3.3493881225585938
mae: 1.161402702331543
