mse: 3.150641441345215
mae: 1.0945723056793213
