mse: 3.214359760284424
mae: 1.106157660484314
