mse: 3.3191545009613037
mae: 1.1309682130813599
