mse: 3.35223126411438
mae: 1.162121295928955
