mse: 3.0747478008270264
mae: 1.097002387046814
