mse: 3.3900866508483887
mae: 1.1464948654174805
