mse: 3.18349552154541
mae: 1.1116209030151367
