mse: 3.0824058055877686
mae: 1.0966496467590332
