mse: 3.3448383808135986
mae: 1.1633954048156738
