mse: 3.0786635875701904
mae: 1.0988805294036865
