mse: 3.501086950302124
mae: 1.1785694360733032
