mse: 3.065477132797241
mae: 1.1016916036605835
