mse: 3.0646772384643555
mae: 1.1009376049041748
