mse: 3.074662208557129
mae: 1.0971430540084839
