mse: 3.563343048095703
mae: 1.1835793256759644
