mse: 3.175488233566284
mae: 1.1025441884994507
