mse: 3.0869319438934326
mae: 1.102382779121399
