mse: 3.337106704711914
mae: 1.1379296779632568
