mse: 3.3496973514556885
mae: 1.1344181299209595
