mse: 3.1067075729370117
mae: 1.0952491760253906
