mse: 3.3790647983551025
mae: 1.1418850421905518
