mse: 3.4768950939178467
mae: 1.1665897369384766
