mse: 3.633307695388794
mae: 1.1961079835891724
