mse: 4.593359470367432
mae: 1.3821130990982056
