mse: 3.061708927154541
mae: 1.099537968635559
