mse: 3.0555660724639893
mae: 1.09329092502594
