mse: 3.0946290493011475
mae: 1.0985159873962402
