mse: 3.923161506652832
mae: 1.251766562461853
