mse: 3.1057424545288086
mae: 1.0888930559158325
