mse: 6.821875095367432
mae: 1.8092386722564697
