mse: 9.94255542755127
mae: 2.3903884887695312
