mse: 3.0874948501586914
mae: 1.097961187362671
