mse: 3.136284112930298
mae: 1.0907775163650513
