mse: 3.167447566986084
mae: 1.0966577529907227
