mse: 3.0703513622283936
mae: 1.0990322828292847
