mse: 3.1390695571899414
mae: 1.0958030223846436
