mse: 3.2395927906036377
mae: 1.1121628284454346
