mse: 3.2964301109313965
mae: 1.1244593858718872
