mse: 3.1409013271331787
mae: 1.0945438146591187
