mse: 3.137928009033203
mae: 1.0991405248641968
