mse: 3.360013961791992
mae: 1.1595444679260254
