mse: 3.2129974365234375
mae: 1.1050695180892944
