mse: 3.2178564071655273
mae: 1.1072938442230225
