mse: 3.3165550231933594
mae: 1.1322211027145386
