mse: 3.1488516330718994
mae: 1.0954614877700806
