mse: 3.0974979400634766
mae: 1.0932804346084595
