mse: 3.200294256210327
mae: 1.1026471853256226
