mse: 3.1249094009399414
mae: 1.1010868549346924
