mse: 3.121875286102295
mae: 1.1051433086395264
