mse: 3.302053689956665
mae: 1.1235028505325317
