mse: 3.3720178604125977
mae: 1.1607588529586792
