mse: 3.3715901374816895
mae: 1.1641855239868164
