mse: 3.350192070007324
mae: 1.1630072593688965
