mse: 5.96776008605957
mae: 1.6539808511734009
