mse: 3.370243787765503
mae: 1.1602513790130615
