mse: 4.793088436126709
mae: 1.425828218460083
