mse: 3.090730905532837
mae: 1.0855461359024048
