mse: 3.8928704261779785
mae: 1.248318076133728
