mse: 4.589324474334717
mae: 1.3533352613449097
