mse: 3.37986421585083
mae: 1.1600769758224487
