mse: 9.935442924499512
mae: 2.3336679935455322
