mse: 3.063533067703247
mae: 1.1003743410110474
