mse: 3.356435537338257
mae: 1.15988028049469
