mse: 3.062182903289795
mae: 1.0998834371566772
