mse: 3.7031564712524414
mae: 1.1813396215438843
