mse: 3.3263020515441895
mae: 1.1297322511672974
