mse: 3.070629835128784
mae: 1.088700771331787
