mse: 3.3215842247009277
mae: 1.1289795637130737
