mse: 3.0808629989624023
mae: 1.0954678058624268
