mse: 5.65567684173584
mae: 1.5951706171035767
