mse: 4.817328929901123
mae: 1.4713964462280273
