mse: 3.051269769668579
mae: 1.0911003351211548
