mse: 3.4262139797210693
mae: 1.1668800115585327
