mse: 6.038329601287842
mae: 1.648738980293274
