mse: 3.3516831398010254
mae: 1.16378653049469
