mse: 3.384333372116089
mae: 1.1627658605575562
