mse: 3.06839919090271
mae: 1.101738452911377
