mse: 3.3607144355773926
mae: 1.1639962196350098
