mse: 6.454265594482422
mae: 1.741615891456604
