mse: 3.3788974285125732
mae: 1.1424262523651123
