mse: 3.092858076095581
mae: 1.08920419216156
