mse: 3.2182095050811768
mae: 1.1075652837753296
