mse: 11.16077709197998
mae: 2.5869944095611572
