mse: 3.0915372371673584
mae: 1.096402883529663
