mse: 3.3571879863739014
mae: 1.1636356115341187
