mse: 3.436129570007324
mae: 1.1515305042266846
