mse: 3.070516586303711
mae: 1.099595069885254
