mse: 3.083240032196045
mae: 1.0973752737045288
