mse: 3.126420021057129
mae: 1.0925195217132568
