mse: 3.160353899002075
mae: 1.097084403038025
