mse: 3.1677589416503906
mae: 1.0985708236694336
