mse: 5.763528823852539
mae: 1.5943832397460938
