mse: 8.312043190002441
mae: 2.0595481395721436
