mse: 3.0712063312530518
mae: 1.0943858623504639
