mse: 3.3452250957489014
mae: 1.1619434356689453
