mse: 3.065281391143799
mae: 1.1011903285980225
