mse: 5.421499729156494
mae: 1.5373948812484741
