mse: 3.1455862522125244
mae: 1.0958081483840942
