mse: 3.0688796043395996
mae: 1.0957621335983276
