mse: 3.0604195594787598
mae: 1.0989404916763306
