mse: 3.5732688903808594
mae: 1.1889369487762451
