mse: 3.1152045726776123
mae: 1.0945073366165161
