mse: 3.064464569091797
mae: 1.1009660959243774
