mse: 3.187499523162842
mae: 1.1021595001220703
