mse: 5.72882604598999
mae: 1.6074262857437134
