mse: 3.1478939056396484
mae: 1.101654052734375
