mse: 3.06604266166687
mae: 1.101810336112976
