mse: 3.3446366786956787
mae: 1.1646721363067627
