mse: 3.072549343109131
mae: 1.099661946296692
