mse: 3.0649003982543945
mae: 1.1009724140167236
