mse: 3.064410448074341
mae: 1.1013952493667603
