mse: 3.1564667224884033
mae: 1.0960720777511597
