mse: 3.345255136489868
mae: 1.1646654605865479
