mse: 3.176889657974243
mae: 1.1072481870651245
