mse: 3.156055212020874
mae: 1.094881534576416
