mse: 10.77719783782959
mae: 2.465101957321167
