mse: 4.208408355712891
mae: 1.3119537830352783
