mse: 3.5245354175567627
mae: 1.1795111894607544
