mse: 3.3485257625579834
mae: 1.1625604629516602
