mse: 3.078371047973633
mae: 1.0978366136550903
