mse: 3.6036360263824463
mae: 1.1904046535491943
