mse: 3.0914885997772217
mae: 1.0986840724945068
