mse: 3.135084390640259
mae: 1.092712640762329
