mse: 3.163828134536743
mae: 1.0984110832214355
