mse: 3.175126791000366
mae: 1.1036629676818848
