mse: 3.127876043319702
mae: 1.0914593935012817
