mse: 3.390277862548828
mae: 1.1628221273422241
