mse: 3.064117431640625
mae: 1.100894808769226
