mse: 3.0741593837738037
mae: 1.1003800630569458
