mse: 3.0875935554504395
mae: 1.0895315408706665
