mse: 3.1485536098480225
mae: 1.099725604057312
