mse: 3.1816306114196777
mae: 1.1050304174423218
