mse: 3.3509554862976074
mae: 1.1632394790649414
