mse: 3.3615589141845703
mae: 1.159165382385254
