mse: 3.188823699951172
mae: 1.1080909967422485
