mse: 3.9087791442871094
mae: 1.2502562999725342
