mse: 3.1212317943573
mae: 1.0896097421646118
