mse: 3.169212818145752
mae: 1.1010758876800537
