mse: 3.3526346683502197
mae: 1.160172462463379
