mse: 3.2188050746917725
mae: 1.1073559522628784
