mse: 3.224210023880005
mae: 1.1145297288894653
