mse: 3.344031810760498
mae: 1.1646558046340942
