mse: 3.089024305343628
mae: 1.0973923206329346
