mse: 3.366870164871216
mae: 1.139172077178955
