mse: 3.4340567588806152
mae: 1.1574389934539795
