mse: 6.0061936378479
mae: 1.6650046110153198
