mse: 3.3657374382019043
mae: 1.161220669746399
