mse: 3.087040424346924
mae: 1.0907700061798096
