mse: 3.0774784088134766
mae: 1.0945931673049927
