mse: 3.385942220687866
mae: 1.1634868383407593
