mse: 3.3982276916503906
mae: 1.1653029918670654
