mse: 3.0912835597991943
mae: 1.0905216932296753
