mse: 3.0722200870513916
mae: 1.101744532585144
