mse: 3.3474206924438477
mae: 1.1640034914016724
