mse: 3.1810457706451416
mae: 1.1038442850112915
