mse: 3.1123554706573486
mae: 1.0940535068511963
