mse: 3.374307155609131
mae: 1.1640833616256714
