mse: 3.073890447616577
mae: 1.0981266498565674
