mse: 3.129580020904541
mae: 1.093504548072815
