mse: 4.301478862762451
mae: 1.3524527549743652
