mse: 3.367506265640259
mae: 1.1588537693023682
