mse: 3.1189591884613037
mae: 1.0904728174209595
