mse: 3.065080404281616
mae: 1.101631760597229
