mse: 3.3446803092956543
mae: 1.1649818420410156
