mse: 3.4419424533843994
mae: 1.157700538635254
