mse: 3.1296486854553223
mae: 1.0958620309829712
