mse: 3.070542812347412
mae: 1.0995725393295288
