mse: 3.0855045318603516
mae: 1.0916017293930054
