mse: 3.3464436531066895
mae: 1.163633108139038
