mse: 3.421278238296509
mae: 1.14887535572052
