mse: 4.201633930206299
mae: 1.3091833591461182
