mse: 3.123116970062256
mae: 1.089172601699829
