mse: 4.282364368438721
mae: 1.3196145296096802
