mse: 3.114818572998047
mae: 1.0973867177963257
