mse: 3.3750617504119873
mae: 1.164130449295044
