mse: 3.0647196769714355
mae: 1.1014853715896606
