mse: 3.0673725605010986
mae: 1.09727144241333
