mse: 3.0655741691589355
mae: 1.101502537727356
