mse: 3.0684826374053955
mae: 1.1017708778381348
