mse: 3.3439276218414307
mae: 1.1641095876693726
