mse: 3.1023480892181396
mae: 1.1034345626831055
