mse: 4.595236778259277
mae: 1.3807179927825928
