mse: 3.109074592590332
mae: 1.1040352582931519
