mse: 3.280893564224243
mae: 1.122563123703003
