mse: 3.128836154937744
mae: 1.1014113426208496
