mse: 3.818448543548584
mae: 1.2018520832061768
