mse: 6.437139511108398
mae: 1.7078096866607666
