mse: 3.3676908016204834
mae: 1.1625933647155762
