mse: 3.1552352905273438
mae: 1.0951324701309204
