mse: 5.300468921661377
mae: 1.4837578535079956
