mse: 3.2442026138305664
mae: 1.111512541770935
