mse: 3.062138557434082
mae: 1.0999304056167603
