mse: 3.0645062923431396
mae: 1.1013402938842773
