mse: 3.2600815296173096
mae: 1.1157276630401611
