mse: 3.191105365753174
mae: 1.102842926979065
