mse: 3.123725414276123
mae: 1.0929484367370605
