mse: 3.11002779006958
mae: 1.095150113105774
