mse: 3.374401569366455
mae: 1.1648834943771362
