mse: 3.4186155796051025
mae: 1.1517889499664307
