mse: 3.209031343460083
mae: 1.1058095693588257
