mse: 6.825618743896484
mae: 1.8165103197097778
