mse: 3.076298713684082
mae: 1.1003798246383667
