mse: 3.090461015701294
mae: 1.0853463411331177
