mse: 3.140871047973633
mae: 1.0939639806747437
