mse: 3.354357957839966
mae: 1.1636203527450562
