mse: 3.0664117336273193
mae: 1.1016672849655151
