mse: 3.097809314727783
mae: 1.102310061454773
