mse: 3.2041525840759277
mae: 1.1094181537628174
