mse: 3.1802749633789062
mae: 1.0999629497528076
