mse: 3.112947940826416
mae: 1.0895510911941528
