mse: 3.152397871017456
mae: 1.0981990098953247
