mse: 3.3594300746917725
mae: 1.1598737239837646
