mse: 6.00827169418335
mae: 1.6567234992980957
