mse: 3.101224422454834
mae: 1.0958681106567383
