mse: 3.3700945377349854
mae: 1.1583800315856934
