mse: 3.134075164794922
mae: 1.0977046489715576
