mse: 3.0639801025390625
mae: 1.1011792421340942
