mse: 3.344498872756958
mae: 1.163050651550293
