mse: 3.2469465732574463
mae: 1.1122286319732666
