mse: 3.172842502593994
mae: 1.1016768217086792
