mse: 3.3783774375915527
mae: 1.1419107913970947
