mse: 3.853761672973633
mae: 1.2408721446990967
