mse: 3.139986991882324
mae: 1.0916615724563599
