mse: 3.0694894790649414
mae: 1.0976406335830688
