mse: 3.346672296524048
mae: 1.1636451482772827
