mse: 3.3494486808776855
mae: 1.1631181240081787
