mse: 3.1476619243621826
mae: 1.0948834419250488
