mse: 3.1636812686920166
mae: 1.0983467102050781
