mse: 3.0906341075897217
mae: 1.087188720703125
