mse: 3.367525339126587
mae: 1.160840630531311
