mse: 3.0818676948547363
mae: 1.0987496376037598
