mse: 3.1246116161346436
mae: 1.0992372035980225
