mse: 4.260979652404785
mae: 1.31758713722229
