mse: 3.0685999393463135
mae: 1.1017180681228638
