mse: 3.0727968215942383
mae: 1.099757194519043
