mse: 3.287931442260742
mae: 1.1198177337646484
