mse: 3.4522454738616943
mae: 1.1592572927474976
