mse: 4.21544885635376
mae: 1.3101563453674316
