mse: 7.403588771820068
mae: 1.9280123710632324
