mse: 3.382685661315918
mae: 1.1647676229476929
