mse: 3.086534261703491
mae: 1.0989556312561035
