mse: 3.1904845237731934
mae: 1.1033035516738892
