mse: 3.1146020889282227
mae: 1.0916541814804077
