mse: 3.102292060852051
mae: 1.0889464616775513
