mse: 5.007382869720459
mae: 1.458500623703003
