mse: 3.0673272609710693
mae: 1.1016557216644287
