mse: 3.366633892059326
mae: 1.1648505926132202
