mse: 3.198298692703247
mae: 1.111702561378479
