mse: 3.168116331100464
mae: 1.1080243587493896
