mse: 3.273380994796753
mae: 1.1181275844573975
