mse: 3.0683562755584717
mae: 1.092871904373169
