mse: 3.0915818214416504
mae: 1.0926095247268677
