mse: 3.164815902709961
mae: 1.0964703559875488
