mse: 3.0844051837921143
mae: 1.0931966304779053
