mse: 3.0916621685028076
mae: 1.0903502702713013
