mse: 3.5373287200927734
mae: 1.1742388010025024
