mse: 3.906980514526367
mae: 1.253186583518982
