mse: 4.643702507019043
mae: 1.3885918855667114
