mse: 3.3144145011901855
mae: 1.1269415616989136
