mse: 3.069992780685425
mae: 1.0988926887512207
