mse: 4.644194602966309
mae: 1.3831615447998047
