mse: 3.2653846740722656
mae: 1.1181304454803467
