mse: 3.8258485794067383
mae: 1.2457153797149658
