mse: 8.03162956237793
mae: 1.9655603170394897
