mse: 4.242786884307861
mae: 1.3136305809020996
