mse: 3.593196392059326
mae: 1.19369637966156
