mse: 3.270480155944824
mae: 1.1200077533721924
