mse: 3.3912386894226074
mae: 1.1314175128936768
