mse: 3.2848355770111084
mae: 1.123139500617981
