mse: 3.072540760040283
mae: 1.0997588634490967
