mse: 3.078662872314453
mae: 1.0909518003463745
