mse: 3.2872519493103027
mae: 1.1212544441223145
