mse: 3.354203701019287
mae: 1.1612457036972046
