mse: 3.128230333328247
mae: 1.0896961688995361
