mse: 3.2708351612091064
mae: 1.1155986785888672
