mse: 3.2478671073913574
mae: 1.1140605211257935
