mse: 3.3623626232147217
mae: 1.162118673324585
