mse: 3.0660808086395264
mae: 1.0980088710784912
