mse: 3.0673630237579346
mae: 1.0933524370193481
