mse: 3.072205066680908
mae: 1.0966739654541016
