mse: 3.0684003829956055
mae: 1.1016690731048584
