mse: 3.527057409286499
mae: 1.1776868104934692
