mse: 3.1046957969665527
mae: 1.1007431745529175
