mse: 3.162651538848877
mae: 1.0965672731399536
