mse: 3.5598959922790527
mae: 1.1846084594726562
