mse: 3.216099739074707
mae: 1.1096794605255127
