mse: 3.1570515632629395
mae: 1.099036455154419
