mse: 3.4307684898376465
mae: 1.1378616094589233
