mse: 3.06370210647583
mae: 1.1005449295043945
