mse: 3.3812129497528076
mae: 1.1636639833450317
