mse: 3.225874662399292
mae: 1.1127846240997314
