mse: 3.0976438522338867
mae: 1.0946834087371826
