mse: 3.094756841659546
mae: 1.0907515287399292
