mse: 3.1223018169403076
mae: 1.0890729427337646
