mse: 3.247619390487671
mae: 1.1132007837295532
