mse: 3.1760237216949463
mae: 1.1023670434951782
