mse: 3.061833381652832
mae: 1.1001416444778442
