mse: 6.740254878997803
mae: 1.8076168298721313
