mse: 3.16572904586792
mae: 1.0986659526824951
