mse: 3.1995606422424316
mae: 1.1042734384536743
