mse: 3.391984701156616
mae: 1.1639535427093506
