mse: 3.1011457443237305
mae: 1.0846729278564453
