mse: 3.1001641750335693
mae: 1.0986202955245972
