mse: 3.0858774185180664
mae: 1.0922784805297852
