mse: 3.1180920600891113
mae: 1.0972118377685547
