mse: 3.082482099533081
mae: 1.0896623134613037
