mse: 3.101752758026123
mae: 1.0912396907806396
