mse: 3.2169618606567383
mae: 1.1053955554962158
