mse: 7.382078170776367
mae: 1.9155884981155396
