mse: 3.349822521209717
mae: 1.1608766317367554
