mse: 3.2708256244659424
mae: 1.1175771951675415
