mse: 3.254420518875122
mae: 1.1113487482070923
