mse: 4.734291076660156
mae: 1.4117226600646973
