mse: 4.806637287139893
mae: 1.425694227218628
