mse: 3.344409465789795
mae: 1.13530695438385
