mse: 3.1164369583129883
mae: 1.091842532157898
