mse: 3.080544948577881
mae: 1.0991140604019165
