mse: 3.8031671047210693
mae: 1.2346333265304565
