mse: 3.3630006313323975
mae: 1.1606494188308716
