mse: 3.065622091293335
mae: 1.1014885902404785
