mse: 3.1178839206695557
mae: 1.0888060331344604
