mse: 7.792491912841797
mae: 2.000505208969116
