mse: 3.3589563369750977
mae: 1.1608835458755493
