mse: 3.0639498233795166
mae: 1.1015400886535645
