mse: 3.366272211074829
mae: 1.1593594551086426
