mse: 5.547545433044434
mae: 1.573915719985962
