mse: 3.1047868728637695
mae: 1.0871491432189941
