mse: 3.0802345275878906
mae: 1.102071762084961
