mse: 3.0646183490753174
mae: 1.1010448932647705
