mse: 3.3959314823150635
mae: 1.1498504877090454
