mse: 3.3753082752227783
mae: 1.1601446866989136
