mse: 3.4438066482543945
mae: 1.1523079872131348
