mse: 3.2587311267852783
mae: 1.1141036748886108
