mse: 5.622559070587158
mae: 1.5919955968856812
