mse: 3.3551025390625
mae: 1.1598701477050781
