mse: 3.1087775230407715
mae: 1.088273286819458
