mse: 3.2829599380493164
mae: 1.118473768234253
