mse: 3.1180167198181152
mae: 1.0899585485458374
