mse: 3.091414213180542
mae: 1.1026204824447632
