mse: 3.1462652683258057
mae: 1.1003382205963135
