mse: 3.2519359588623047
mae: 1.113834023475647
