mse: 3.1023595333099365
mae: 1.0946358442306519
