mse: 3.06477952003479
mae: 1.1014280319213867
