mse: 3.1877808570861816
mae: 1.1008366346359253
