mse: 3.3766095638275146
mae: 1.1415327787399292
