mse: 5.030700206756592
mae: 1.4670741558074951
