mse: 3.2064359188079834
mae: 1.104961633682251
