mse: 3.141641616821289
mae: 1.0924201011657715
