mse: 3.3451550006866455
mae: 1.1646441221237183
