mse: 5.535768508911133
mae: 1.5641790628433228
