mse: 3.2127349376678467
mae: 1.1098637580871582
