mse: 3.218604803085327
mae: 1.1102405786514282
