mse: 3.0645244121551514
mae: 1.101167917251587
