mse: 3.133303642272949
mae: 1.093327522277832
