mse: 3.351325750350952
mae: 1.163732886314392
