mse: 3.353325605392456
mae: 1.1641862392425537
