mse: 8.147955894470215
mae: 2.04268741607666
