mse: 3.247209072113037
mae: 1.113323450088501
