mse: 3.3655872344970703
mae: 1.1632615327835083
