mse: 6.940534591674805
mae: 1.832419753074646
