mse: 3.1060237884521484
mae: 1.0905174016952515
