mse: 3.3449220657348633
mae: 1.1630743741989136
