mse: 3.067512273788452
mae: 1.0983220338821411
