mse: 3.066380500793457
mae: 1.1019166707992554
