mse: 4.343997001647949
mae: 1.3050130605697632
