mse: 3.5615172386169434
mae: 1.187088131904602
