mse: 3.0706098079681396
mae: 1.0967812538146973
