mse: 3.363163948059082
mae: 1.1601135730743408
