mse: 3.2108240127563477
mae: 1.1069190502166748
