mse: 3.1054062843322754
mae: 1.0953083038330078
