mse: 3.2363736629486084
mae: 1.1102131605148315
