mse: 3.0642318725585938
mae: 1.1008771657943726
