mse: 3.1607558727264404
mae: 1.0977253913879395
