mse: 3.074842929840088
mae: 1.1014044284820557
