mse: 3.0753791332244873
mae: 1.0988354682922363
