mse: 3.9137704372406006
mae: 1.2553762197494507
