mse: 3.3658692836761475
mae: 1.15841805934906
