mse: 3.397219181060791
mae: 1.1633329391479492
