mse: 3.295738935470581
mae: 1.1226540803909302
