mse: 3.3923399448394775
mae: 1.1427507400512695
