mse: 3.36710524559021
mae: 1.1585769653320312
