mse: 3.21018385887146
mae: 1.104573369026184
