mse: 3.1855316162109375
mae: 1.1019612550735474
