mse: 3.1977009773254395
mae: 1.1053956747055054
