mse: 3.0656487941741943
mae: 1.1017853021621704
