mse: 3.150973081588745
mae: 1.1053158044815063
