mse: 3.0927188396453857
mae: 1.0856467485427856
