mse: 3.2380309104919434
mae: 1.1179416179656982
