mse: 3.362640857696533
mae: 1.1588361263275146
