mse: 3.365377187728882
mae: 1.1588349342346191
