mse: 3.2135958671569824
mae: 1.1063673496246338
