mse: 3.3474888801574707
mae: 1.1351312398910522
