mse: 3.402050018310547
mae: 1.1521313190460205
