mse: 3.1432130336761475
mae: 1.1014580726623535
