mse: 3.072399377822876
mae: 1.0937427282333374
