mse: 7.214674949645996
mae: 1.8391497135162354
