mse: 3.1341769695281982
mae: 1.093499779701233
