mse: 3.0763843059539795
mae: 1.0865708589553833
