mse: 5.528090476989746
mae: 1.5704240798950195
