mse: 3.260232925415039
mae: 1.1140780448913574
