mse: 3.3248138427734375
mae: 1.1297260522842407
