mse: 3.117900848388672
mae: 1.0944589376449585
