mse: 4.945629119873047
mae: 1.453679084777832
