mse: 3.3950462341308594
mae: 1.165052056312561
