mse: 3.1216354370117188
mae: 1.091360330581665
