mse: 3.347095489501953
mae: 1.1638071537017822
