mse: 3.06390643119812
mae: 1.1007429361343384
