mse: 3.0660154819488525
mae: 1.1014599800109863
