mse: 3.4471595287323
mae: 1.1545906066894531
