mse: 3.0956826210021973
mae: 1.084958791732788
