mse: 3.3729565143585205
mae: 1.1626226902008057
