mse: 3.1762940883636475
mae: 1.101979374885559
