mse: 3.345832109451294
mae: 1.1641464233398438
