mse: 3.075148344039917
mae: 1.095956563949585
