mse: 3.0843276977539062
mae: 1.092326045036316
