mse: 3.0998964309692383
mae: 1.090505599975586
