mse: 3.4991440773010254
mae: 1.1731246709823608
