mse: 3.4010236263275146
mae: 1.154992938041687
