mse: 3.074558734893799
mae: 1.0911306142807007
