mse: 3.110273599624634
mae: 1.0931013822555542
