mse: 3.0898258686065674
mae: 1.1013942956924438
