mse: 3.064081907272339
mae: 1.1006098985671997
