mse: 3.135579824447632
mae: 1.0936541557312012
