mse: 12.521012306213379
mae: 2.7651493549346924
