mse: 3.363497734069824
mae: 1.1619945764541626
