mse: 3.2331008911132812
mae: 1.110322117805481
