mse: 3.502293825149536
mae: 1.1756969690322876
