mse: 3.108605146408081
mae: 1.0973262786865234
