mse: 3.179039239883423
mae: 1.1068661212921143
