mse: 3.0639255046844482
mae: 1.1006141901016235
