mse: 5.6710004806518555
mae: 1.6032806634902954
