mse: 9.16986083984375
mae: 2.147307872772217
