mse: 3.402653217315674
mae: 1.1657198667526245
