mse: 3.3773884773254395
mae: 1.1622025966644287
