mse: 3.0640835762023926
mae: 1.1007864475250244
