mse: 3.9387261867523193
mae: 1.2590681314468384
