mse: 3.083031177520752
mae: 1.0997354984283447
