mse: 3.073272466659546
mae: 1.0944488048553467
