mse: 3.3556623458862305
mae: 1.1382898092269897
