mse: 5.060335636138916
mae: 1.4788768291473389
