mse: 3.082221746444702
mae: 1.0855116844177246
