mse: 3.0583343505859375
mae: 1.0983860492706299
