mse: 3.0784080028533936
mae: 1.0963481664657593
