mse: 6.054174900054932
mae: 1.6731163263320923
