mse: 3.2860665321350098
mae: 1.1214090585708618
