mse: 3.389132022857666
mae: 1.161901831626892
