mse: 3.104464530944824
mae: 1.092248797416687
