mse: 3.3530781269073486
mae: 1.1627259254455566
