mse: 3.1811633110046387
mae: 1.104868769645691
