mse: 3.141836404800415
mae: 1.1030863523483276
