mse: 3.0736629962921143
mae: 1.0910297632217407
