mse: 3.3562514781951904
mae: 1.1615616083145142
