mse: 3.0656893253326416
mae: 1.1014113426208496
