mse: 3.204658031463623
mae: 1.1048598289489746
