mse: 3.1068673133850098
mae: 1.090598464012146
