mse: 3.1299519538879395
mae: 1.0944430828094482
