mse: 3.1909737586975098
mae: 1.1051149368286133
