mse: 3.4480721950531006
mae: 1.1579334735870361
