mse: 3.1441714763641357
mae: 1.0940238237380981
