mse: 3.059126853942871
mae: 1.098506212234497
