mse: 6.097688674926758
mae: 1.678978443145752
