mse: 3.126375198364258
mae: 1.0941334962844849
