mse: 3.0580976009368896
mae: 1.0981667041778564
