mse: 11.538373947143555
mae: 2.6438918113708496
