mse: 3.0787079334259033
mae: 1.0927525758743286
