mse: 3.0881383419036865
mae: 1.0941811800003052
