mse: 3.085728645324707
mae: 1.0979688167572021
