mse: 5.097923278808594
mae: 1.5336222648620605
