mse: 3.4138758182525635
mae: 1.147226095199585
