mse: 3.120007038116455
mae: 1.092581868171692
