mse: 3.635132074356079
mae: 1.2002434730529785
