mse: 3.0759799480438232
mae: 1.0981035232543945
