mse: 3.381094217300415
mae: 1.1634299755096436
