mse: 3.105451822280884
mae: 1.0981271266937256
