mse: 3.0645625591278076
mae: 1.101284384727478
