mse: 3.3640434741973877
mae: 1.1611547470092773
