mse: 3.1388754844665527
mae: 1.104772925376892
