mse: 3.148571252822876
mae: 1.0952590703964233
