mse: 3.107628345489502
mae: 1.0929814577102661
