mse: 7.937914848327637
mae: 2.024977445602417
