mse: 6.474648952484131
mae: 1.7464854717254639
