mse: 7.417618274688721
mae: 1.9231891632080078
