mse: 3.1071112155914307
mae: 1.0897358655929565
