mse: 3.3710110187530518
mae: 1.1593101024627686
