mse: 3.1497201919555664
mae: 1.1051303148269653
