mse: 3.381988763809204
mae: 1.164894461631775
