mse: 3.1193323135375977
mae: 1.0946582555770874
