mse: 3.209817409515381
mae: 1.1074811220169067
