mse: 3.068943738937378
mae: 1.0887531042099
