mse: 9.047975540161133
mae: 2.147367000579834
