mse: 3.3599624633789062
mae: 1.1651376485824585
