mse: 3.321884870529175
mae: 1.128800630569458
