mse: 3.0709192752838135
mae: 1.096227765083313
