mse: 3.0906431674957275
mae: 1.0919157266616821
