mse: 3.09993314743042
mae: 1.0975524187088013
