mse: 3.866954803466797
mae: 1.2475833892822266
