mse: 3.068746328353882
mae: 1.1016138792037964
