mse: 3.082963705062866
mae: 1.1017019748687744
