mse: 3.11124849319458
mae: 1.0962165594100952
