mse: 3.0789856910705566
mae: 1.0910875797271729
