mse: 3.164252996444702
mae: 1.1063371896743774
