mse: 3.3193793296813965
mae: 1.1352789402008057
