mse: 3.1319198608398438
mae: 1.0949212312698364
