mse: 3.076045036315918
mae: 1.0994330644607544
