mse: 3.190502882003784
mae: 1.10020112991333
