mse: 7.828840255737305
mae: 1.9741121530532837
