mse: 3.4655709266662598
mae: 1.1613335609436035
