mse: 3.1199984550476074
mae: 1.1038228273391724
