mse: 3.2513256072998047
mae: 1.1138935089111328
