mse: 3.1706278324127197
mae: 1.1031765937805176
