mse: 3.3582191467285156
mae: 1.1597657203674316
