mse: 7.836600303649902
mae: 2.00264310836792
