mse: 3.1866085529327393
mae: 1.1096097230911255
