mse: 3.148651361465454
mae: 1.0937680006027222
