mse: 5.68430757522583
mae: 1.5994900465011597
