mse: 3.138526439666748
mae: 1.0945827960968018
