mse: 8.944729804992676
mae: 2.194779396057129
