mse: 5.970709800720215
mae: 1.6517785787582397
