mse: 3.176626443862915
mae: 1.1092090606689453
