mse: 3.289513349533081
mae: 1.124356746673584
