mse: 3.1242458820343018
mae: 1.1038819551467896
