mse: 3.0636773109436035
mae: 1.1010801792144775
