mse: 3.1249256134033203
mae: 1.100755214691162
