mse: 3.0724666118621826
mae: 1.0968679189682007
