mse: 3.4083669185638428
mae: 1.1467889547348022
