mse: 3.179171323776245
mae: 1.0995203256607056
