mse: 3.0895419120788574
mae: 1.0923272371292114
