mse: 3.2399322986602783
mae: 1.109551191329956
