mse: 3.148689031600952
mae: 1.0948373079299927
