mse: 3.359273910522461
mae: 1.1374067068099976
