mse: 3.1226069927215576
mae: 1.1003912687301636
