mse: 3.08591365814209
mae: 1.0966583490371704
