mse: 3.0878493785858154
mae: 1.0939099788665771
