mse: 3.3792622089385986
mae: 1.1606738567352295
