mse: 3.3491945266723633
mae: 1.1330299377441406
