mse: 3.2640764713287354
mae: 1.1174383163452148
