mse: 3.4521210193634033
mae: 1.155681848526001
