mse: 3.0757460594177246
mae: 1.097181797027588
