mse: 3.0779073238372803
mae: 1.094896674156189
