mse: 3.3671133518218994
mae: 1.1622258424758911
