mse: 3.3763949871063232
mae: 1.1605347394943237
