mse: 3.0982930660247803
mae: 1.091687798500061
