mse: 3.3006060123443604
mae: 1.1223515272140503
