mse: 3.098968267440796
mae: 1.0993003845214844
