mse: 3.3567068576812744
mae: 1.1279881000518799
