mse: 3.902479410171509
mae: 1.2474908828735352
