mse: 3.105781316757202
mae: 1.0922967195510864
