mse: 3.3256754875183105
mae: 1.132094144821167
