mse: 3.4363749027252197
mae: 1.1554585695266724
