mse: 3.226797580718994
mae: 1.1097772121429443
