mse: 3.110593557357788
mae: 1.1034108400344849
