mse: 3.1160013675689697
mae: 1.0957359075546265
