mse: 3.345417022705078
mae: 1.163293480873108
