mse: 3.076707124710083
mae: 1.0860226154327393
