mse: 3.3517026901245117
mae: 1.1359182596206665
