mse: 3.1386969089508057
mae: 1.0981783866882324
