mse: 6.76439094543457
mae: 1.8024784326553345
