mse: 4.523448467254639
mae: 1.3700610399246216
