mse: 3.1716103553771973
mae: 1.0977802276611328
