mse: 3.3767871856689453
mae: 1.1635185480117798
