mse: 3.0964064598083496
mae: 1.0974422693252563
