mse: 3.1088061332702637
mae: 1.090198040008545
