mse: 3.0958216190338135
mae: 1.0860387086868286
