mse: 3.407081127166748
mae: 1.1469727754592896
