mse: 3.08484148979187
mae: 1.0896730422973633
