mse: 3.8385612964630127
mae: 1.2436003684997559
