mse: 3.177410840988159
mae: 1.1014959812164307
