mse: 3.866729736328125
mae: 1.2427480220794678
