mse: 3.174347162246704
mae: 1.1094731092453003
