mse: 3.1496422290802
mae: 1.1030369997024536
