mse: 3.3670620918273926
mae: 1.1640441417694092
