mse: 3.095663547515869
mae: 1.1026489734649658
