mse: 3.087550401687622
mae: 1.0859366655349731
