mse: 4.88406229019165
mae: 1.4375908374786377
