mse: 3.316098690032959
mae: 1.1276389360427856
