mse: 3.1354446411132812
mae: 1.093114972114563
