mse: 3.4529776573181152
mae: 1.14056396484375
