mse: 3.129636287689209
mae: 1.0942732095718384
