mse: 6.13938570022583
mae: 1.6924245357513428
