mse: 3.081171751022339
mae: 1.1005743741989136
