mse: 3.078995704650879
mae: 1.0997141599655151
