mse: 3.1174204349517822
mae: 1.0965083837509155
