mse: 3.0897364616394043
mae: 1.0957272052764893
