mse: 3.356229782104492
mae: 1.1638039350509644
