mse: 3.108671188354492
mae: 1.0965216159820557
