mse: 3.0645523071289062
mae: 1.101244330406189
