mse: 3.1301846504211426
mae: 1.0996485948562622
