mse: 3.064046621322632
mae: 1.1010242700576782
