mse: 4.551565647125244
mae: 1.410941243171692
