mse: 3.1307647228240967
mae: 1.0948503017425537
