mse: 8.143152236938477
mae: 2.0418953895568848
