mse: 3.3507492542266846
mae: 1.1364386081695557
