mse: 3.353935956954956
mae: 1.1603031158447266
