mse: 3.3066458702087402
mae: 1.1234298944473267
