mse: 3.1895484924316406
mae: 1.101194143295288
