mse: 3.178535223007202
mae: 1.0981419086456299
