mse: 3.094487428665161
mae: 1.0958068370819092
