mse: 3.175633668899536
mae: 1.1005498170852661
