mse: 3.097088098526001
mae: 1.0998674631118774
