mse: 3.0638294219970703
mae: 1.1010501384735107
