mse: 3.0899360179901123
mae: 1.0987532138824463
