mse: 3.0766706466674805
mae: 1.0976316928863525
