mse: 3.360541343688965
mae: 1.1636995077133179
