mse: 3.577115774154663
mae: 1.1871442794799805
