mse: 5.527322292327881
mae: 1.5640697479248047
