mse: 3.0757949352264404
mae: 1.098789095878601
