mse: 3.1151697635650635
mae: 1.0944809913635254
