mse: 3.1544737815856934
mae: 1.0995835065841675
