mse: 3.431934356689453
mae: 1.158717155456543
