mse: 3.36626935005188
mae: 1.1412814855575562
