mse: 3.315053701400757
mae: 1.1274038553237915
