mse: 3.1682655811309814
mae: 1.10420560836792
