mse: 3.3603761196136475
mae: 1.1590280532836914
