mse: 3.171224594116211
mae: 1.1025105714797974
