mse: 3.221019744873047
mae: 1.1107479333877563
