mse: 5.722426891326904
mae: 1.592283010482788
