mse: 3.838672161102295
mae: 1.2401306629180908
