mse: 3.06331729888916
mae: 1.1002519130706787
