mse: 5.52866268157959
mae: 1.5251880884170532
