mse: 4.627307891845703
mae: 1.3867398500442505
