mse: 3.1833105087280273
mae: 1.1031540632247925
