mse: 3.0825812816619873
mae: 1.0989696979522705
