mse: 3.349169969558716
mae: 1.162703037261963
