mse: 3.14583683013916
mae: 1.0972877740859985
