mse: 3.081754207611084
mae: 1.0853737592697144
