mse: 3.1147067546844482
mae: 1.1042429208755493
