mse: 3.1761021614074707
mae: 1.0986106395721436
