mse: 3.3621673583984375
mae: 1.1628334522247314
