mse: 3.1331093311309814
mae: 1.0937199592590332
