mse: 3.24255108833313
mae: 1.1106759309768677
