mse: 3.206122398376465
mae: 1.111567735671997
