mse: 3.1523549556732178
mae: 1.0957645177841187
