mse: 3.0600547790527344
mae: 1.0993940830230713
