mse: 3.108569383621216
mae: 1.0951471328735352
