mse: 3.397237777709961
mae: 1.1482231616973877
