mse: 3.1794159412384033
mae: 1.0998420715332031
