mse: 4.272954940795898
mae: 1.318489670753479
