mse: 3.1679892539978027
mae: 1.100542664527893
