mse: 3.0839452743530273
mae: 1.096178650856018
