mse: 3.361889362335205
mae: 1.1265449523925781
