mse: 3.3475706577301025
mae: 1.1639691591262817
