mse: 3.6116409301757812
mae: 1.1977707147598267
