mse: 4.941547393798828
mae: 1.4580525159835815
