mse: 3.0838894844055176
mae: 1.0860998630523682
