mse: 3.545596122741699
mae: 1.1829431056976318
