mse: 3.364375591278076
mae: 1.1639983654022217
