mse: 3.3831756114959717
mae: 1.1430155038833618
