mse: 3.0652616024017334
mae: 1.1015527248382568
