mse: 3.382983922958374
mae: 1.1623730659484863
