mse: 3.0611038208007812
mae: 1.0995218753814697
