mse: 3.1880033016204834
mae: 1.1008774042129517
