mse: 3.1323695182800293
mae: 1.1027597188949585
