mse: 3.057943820953369
mae: 1.0982449054718018
