mse: 3.350299119949341
mae: 1.1607915163040161
