mse: 3.0647175312042236
mae: 1.101595163345337
