mse: 3.3426108360290527
mae: 1.136473298072815
