mse: 3.091243267059326
mae: 1.0949461460113525
