mse: 3.150545835494995
mae: 1.096756100654602
