mse: 3.0694515705108643
mae: 1.0974291563034058
