mse: 3.097212314605713
mae: 1.0905089378356934
