mse: 3.1501734256744385
mae: 1.1068464517593384
