mse: 3.0876951217651367
mae: 1.1008340120315552
