mse: 3.4025115966796875
mae: 1.1463648080825806
