mse: 3.303886890411377
mae: 1.1280596256256104
