mse: 3.1228017807006836
mae: 1.0923712253570557
