mse: 3.3878839015960693
mae: 1.1639972925186157
