mse: 3.0645484924316406
mae: 1.1012641191482544
