mse: 3.0629682540893555
mae: 1.1005693674087524
