mse: 3.065887451171875
mae: 1.0982530117034912
