mse: 3.0842573642730713
mae: 1.092052698135376
