mse: 4.063907146453857
mae: 1.296224594116211
