mse: 3.940140962600708
mae: 1.2542202472686768
