mse: 3.371614933013916
mae: 1.163638949394226
