mse: 3.3790295124053955
mae: 1.1628832817077637
