mse: 3.0633842945098877
mae: 1.1004563570022583
