mse: 4.124013423919678
mae: 1.3036038875579834
