mse: 3.2163121700286865
mae: 1.105713963508606
