mse: 3.0678486824035645
mae: 1.0905787944793701
