mse: 3.350228786468506
mae: 1.1617531776428223
