mse: 3.388578176498413
mae: 1.1626075506210327
