mse: 3.3691797256469727
mae: 1.1608718633651733
