mse: 3.1891608238220215
mae: 1.1023168563842773
