mse: 3.3231863975524902
mae: 1.121703028678894
