mse: 3.120821714401245
mae: 1.0985318422317505
