mse: 8.774017333984375
mae: 2.1609408855438232
