mse: 3.0645906925201416
mae: 1.1007519960403442
