mse: 3.352217435836792
mae: 1.1621884107589722
