mse: 3.3688488006591797
mae: 1.158209204673767
