mse: 3.2567780017852783
mae: 1.120166540145874
