mse: 5.006552696228027
mae: 1.43478262424469
