mse: 3.16379714012146
mae: 1.0985103845596313
