mse: 3.0942771434783936
mae: 1.1032623052597046
