mse: 3.1686999797821045
mae: 1.0994699001312256
