mse: 6.495563983917236
mae: 1.7462762594223022
