mse: 3.2280447483062744
mae: 1.1140093803405762
