mse: 3.2601544857025146
mae: 1.114005208015442
