mse: 3.3890581130981445
mae: 1.1651591062545776
