mse: 3.1204543113708496
mae: 1.090203881263733
