mse: 3.3907997608184814
mae: 1.1650450229644775
