mse: 3.198259115219116
mae: 1.104509949684143
