mse: 3.16337513923645
mae: 1.0970714092254639
