mse: 3.1889235973358154
mae: 1.1057759523391724
