mse: 3.623051643371582
mae: 1.1933742761611938
