mse: 5.1569952964782715
mae: 1.4966572523117065
