mse: 3.2008306980133057
mae: 1.104919195175171
