mse: 3.104336738586426
mae: 1.0910238027572632
