mse: 3.141373634338379
mae: 1.0977575778961182
