mse: 3.0602121353149414
mae: 1.0990779399871826
