mse: 3.065166711807251
mae: 1.101507544517517
