mse: 3.2587106227874756
mae: 1.1186789274215698
