mse: 3.0661044120788574
mae: 1.0958446264266968
