mse: 3.1945483684539795
mae: 1.102697730064392
