mse: 3.1526200771331787
mae: 1.0998655557632446
