mse: 3.180222988128662
mae: 1.1012274026870728
