mse: 3.0660972595214844
mae: 1.1015079021453857
