mse: 3.368332862854004
mae: 1.1586995124816895
