mse: 3.3083736896514893
mae: 1.1250139474868774
