mse: 3.691349983215332
mae: 1.1829715967178345
