mse: 3.2482385635375977
mae: 1.1124036312103271
