mse: 9.006148338317871
mae: 2.2044050693511963
