mse: 3.1796247959136963
mae: 1.0993953943252563
