mse: 3.3477094173431396
mae: 1.1643972396850586
