mse: 3.0681192874908447
mae: 1.0961503982543945
