mse: 3.406982421875
mae: 1.1657235622406006
