mse: 3.3344287872314453
mae: 1.1244254112243652
