mse: 3.373307228088379
mae: 1.1605297327041626
