mse: 3.110664129257202
mae: 1.0888445377349854
