mse: 3.187067747116089
mae: 1.1012442111968994
