mse: 3.3220813274383545
mae: 1.1310755014419556
