mse: 6.1656389236450195
mae: 1.6920239925384521
