mse: 3.2742691040039062
mae: 1.1182969808578491
