mse: 5.095993995666504
mae: 1.4809242486953735
