mse: 3.562191963195801
mae: 1.183171033859253
