mse: 4.616453647613525
mae: 1.3795793056488037
