mse: 3.3517773151397705
mae: 1.1609201431274414
