mse: 3.2729809284210205
mae: 1.1184872388839722
