mse: 3.2154006958007812
mae: 1.1093472242355347
