mse: 3.4637839794158936
mae: 1.1621655225753784
