mse: 3.0656659603118896
mae: 1.1013872623443604
