mse: 3.099107503890991
mae: 1.0872732400894165
