mse: 3.0755834579467773
mae: 1.087391972541809
