mse: 3.1481730937957764
mae: 1.0955588817596436
