mse: 3.0685906410217285
mae: 1.1017264127731323
