mse: 3.1467344760894775
mae: 1.0968436002731323
