mse: 3.168131113052368
mae: 1.1076911687850952
