mse: 3.147135019302368
mae: 1.1000627279281616
