mse: 3.2667059898376465
mae: 1.119354248046875
