mse: 6.77159309387207
mae: 1.8006339073181152
