mse: 3.1553947925567627
mae: 1.0967339277267456
