mse: 3.361372709274292
mae: 1.1613247394561768
