mse: 3.094302177429199
mae: 1.1008398532867432
