mse: 3.1411550045013428
mae: 1.0964550971984863
