mse: 3.2185282707214355
mae: 1.1087908744812012
