mse: 3.061664342880249
mae: 1.0999735593795776
