mse: 3.089533805847168
mae: 1.085937738418579
