mse: 3.96903133392334
mae: 1.2616554498672485
