mse: 3.3679146766662598
mae: 1.1619309186935425
