mse: 3.494839906692505
mae: 1.1730002164840698
