mse: 5.575380325317383
mae: 1.571048617362976
