mse: 3.237597942352295
mae: 1.1106743812561035
