mse: 3.3679111003875732
mae: 1.1395161151885986
