mse: 3.0851693153381348
mae: 1.1011042594909668
