mse: 9.260259628295898
mae: 2.2449235916137695
