mse: 3.2225089073181152
mae: 1.1111972332000732
