mse: 5.848472595214844
mae: 1.5892879962921143
