mse: 3.09619140625
mae: 1.0946381092071533
