mse: 3.3564250469207764
mae: 1.1629501581192017
