mse: 3.0614635944366455
mae: 1.0995548963546753
