mse: 3.3210957050323486
mae: 1.128788948059082
