mse: 3.064260482788086
mae: 1.1011855602264404
