mse: 3.345874071121216
mae: 1.1349471807479858
