mse: 6.927541732788086
mae: 1.7950615882873535
