mse: 3.064913749694824
mae: 1.098006010055542
