mse: 3.339139223098755
mae: 1.1341612339019775
