mse: 3.1029040813446045
mae: 1.097896695137024
