mse: 3.28818416595459
mae: 1.1197377443313599
