mse: 3.8732829093933105
mae: 1.2126435041427612
