mse: 3.065030813217163
mae: 1.1010289192199707
