mse: 3.19795560836792
mae: 1.1024680137634277
