mse: 3.356017827987671
mae: 1.1644331216812134
