mse: 3.0915167331695557
mae: 1.0950911045074463
