mse: 3.063493251800537
mae: 1.1005247831344604
