mse: 3.8601484298706055
mae: 1.2441139221191406
