mse: 3.113773822784424
mae: 1.0926332473754883
