mse: 3.140254259109497
mae: 1.0915948152542114
