mse: 3.0657143592834473
mae: 1.1015745401382446
