mse: 5.6981892585754395
mae: 1.6075283288955688
