mse: 3.2745728492736816
mae: 1.1180814504623413
