mse: 3.3500218391418457
mae: 1.1606266498565674
