mse: 3.109127998352051
mae: 1.0882946252822876
