mse: 3.1314263343811035
mae: 1.0915021896362305
