mse: 3.3772778511047363
mae: 1.1617435216903687
