mse: 3.643249273300171
mae: 1.1729191541671753
