mse: 3.3439207077026367
mae: 1.1645432710647583
