mse: 9.408964157104492
mae: 2.1881701946258545
