mse: 3.130831480026245
mae: 1.092202067375183
