mse: 6.202980995178223
mae: 1.7026008367538452
