mse: 3.2676496505737305
mae: 1.1169183254241943
