mse: 3.3472697734832764
mae: 1.1612790822982788
