mse: 5.817574977874756
mae: 1.6095645427703857
