mse: 3.1235015392303467
mae: 1.0951071977615356
