mse: 3.1173298358917236
mae: 1.090519905090332
