mse: 3.3462445735931396
mae: 1.1636439561843872
