mse: 3.0614566802978516
mae: 1.0994125604629517
