mse: 9.508241653442383
mae: 2.3230698108673096
