mse: 3.0638177394866943
mae: 1.1009232997894287
