mse: 4.287594795227051
mae: 1.324029564857483
