mse: 3.29213285446167
mae: 1.1231602430343628
