mse: 3.121384859085083
mae: 1.1015119552612305
