mse: 3.529707431793213
mae: 1.1832702159881592
