mse: 0.38274431228637695
mae: 0.40219223499298096
