mse: 0.4156399667263031
mae: 0.4245820641517639
