mse: 15.97638988494873
mae: 3.237576961517334
