mse: 14.373795509338379
mae: 3.0639398097991943
