mse: 5.338319301605225
mae: 1.573818325996399
