mse: 16.77772331237793
mae: 3.3306772708892822
