mse: 3.34090518951416
mae: 1.1612863540649414
