mse: 3.5456387996673584
mae: 1.1873542070388794
