mse: 5.390079021453857
mae: 1.54280424118042
