mse: 12.827719688415527
mae: 2.7185232639312744
