mse: 4.446664333343506
mae: 1.3593953847885132
