mse: 5.4859232902526855
mae: 1.5619875192642212
