mse: 19.212646484375
mae: 3.6999478340148926
