mse: 3.3961477279663086
mae: 1.1646379232406616
