mse: 6.066492080688477
mae: 1.6416453123092651
