mse: 4.850569725036621
mae: 1.4395891427993774
