mse: 8.035661697387695
mae: 2.0120818614959717
