mse: 7.8611674308776855
mae: 1.987367033958435
