mse: 4.159265041351318
mae: 1.316348671913147
