mse: 3.343573808670044
mae: 1.1642026901245117
