mse: 4.416625022888184
mae: 1.353715419769287
