mse: 7.444207668304443
mae: 1.8778331279754639
