mse: 3.3812294006347656
mae: 1.1665834188461304
