mse: 8.077665328979492
mae: 2.02461576461792
