mse: 9.934287071228027
mae: 2.3021905422210693
