mse: 4.092843055725098
mae: 1.300195574760437
