mse: 7.033920764923096
mae: 1.8505818843841553
