mse: 3.5176656246185303
mae: 1.183836579322815
