mse: 4.479163646697998
mae: 1.3638801574707031
