mse: 17.330360412597656
mae: 3.4489877223968506
