mse: 3.435932159423828
mae: 1.1693100929260254
