mse: 5.570773124694824
mae: 1.6207929849624634
