mse: 9.464393615722656
mae: 2.238121271133423
