mse: 6.903242111206055
mae: 1.8260674476623535
