mse: 3.362689971923828
mae: 1.1652443408966064
