mse: 18.36607551574707
mae: 3.5759663581848145
