mse: 9.042230606079102
mae: 2.1625540256500244
