mse: 6.8467116355896
mae: 1.7951610088348389
