mse: 19.50589942932129
mae: 3.773242712020874
