mse: 18.967985153198242
mae: 3.6847548484802246
