mse: 4.0781569480896
mae: 1.2942074537277222
