mse: 17.189699172973633
mae: 3.4670753479003906
