mse: 8.398751258850098
mae: 2.0937206745147705
