mse: 3.7813446521759033
mae: 1.2359569072723389
