mse: 3.525763750076294
mae: 1.1838244199752808
