mse: 4.152067184448242
mae: 1.303826928138733
