mse: 4.470982074737549
mae: 1.366181492805481
