mse: 3.340921401977539
mae: 1.1617727279663086
