mse: 6.722647666931152
mae: 1.7614798545837402
