mse: 13.755712509155273
mae: 2.9036192893981934
