mse: 8.875192642211914
mae: 2.1511361598968506
