mse: 3.470512866973877
mae: 1.1748162508010864
