mse: 4.129430770874023
mae: 1.3010379076004028
