mse: 4.514112949371338
mae: 1.3745660781860352
