mse: 17.575788497924805
mae: 3.44530987739563
