mse: 8.847744941711426
mae: 2.14658784866333
