mse: 3.5669775009155273
mae: 1.1914719343185425
