mse: 6.9779181480407715
mae: 1.8479948043823242
