mse: 19.463899612426758
mae: 3.7053306102752686
