mse: 3.341397762298584
mae: 1.162265419960022
