mse: 3.806846857070923
mae: 1.2386282682418823
