mse: 7.607463836669922
mae: 1.907251000404358
