mse: 5.1415839195251465
mae: 1.496798038482666
