mse: 7.378195285797119
mae: 1.9047220945358276
