mse: 7.794410228729248
mae: 1.9763165712356567
