mse: 3.342742681503296
mae: 1.1627342700958252
