mse: 4.484323501586914
mae: 1.3708070516586304
