mse: 4.610745906829834
mae: 1.393617033958435
