mse: 3.403891086578369
mae: 1.1651893854141235
