mse: 3.823944568634033
mae: 1.2413150072097778
