mse: 18.70408058166504
mae: 3.668368101119995
