mse: 9.434318542480469
mae: 2.23115873336792
