mse: 3.3422834873199463
mae: 1.1619309186935425
