mse: 7.514076232910156
mae: 1.894529938697815
