mse: 16.26858901977539
mae: 3.2801637649536133
