mse: 10.550684928894043
mae: 2.3155648708343506
