mse: 7.007490634918213
mae: 1.8459608554840088
