mse: 18.630983352661133
mae: 3.600294589996338
