mse: 11.486917495727539
mae: 2.477280378341675
