mse: 11.340864181518555
mae: 2.4357941150665283
