mse: 3.840684175491333
mae: 1.2488646507263184
