mse: 7.6110663414001465
mae: 2.0267984867095947
