mse: 16.664390563964844
mae: 3.3567698001861572
