mse: 5.491138935089111
mae: 1.5687623023986816
