mse: 6.060829162597656
mae: 1.6796386241912842
