mse: 19.689138412475586
mae: 3.7737832069396973
