mse: 3.4957122802734375
mae: 1.178576946258545
