mse: 3.7714807987213135
mae: 1.2325034141540527
