mse: 9.376643180847168
mae: 2.22383713722229
