mse: 16.43312644958496
mae: 3.2787692546844482
