mse: 3.8117258548736572
mae: 1.2439568042755127
