mse: 4.074736595153809
mae: 1.2974945306777954
