mse: 14.855393409729004
mae: 3.131118059158325
