mse: 3.5174918174743652
mae: 1.1825430393218994
