mse: 3.447918653488159
mae: 1.1711413860321045
