mse: 13.53735065460205
mae: 2.8078200817108154
