mse: 3.343379259109497
mae: 1.1636366844177246
