mse: 3.8114776611328125
mae: 1.2405526638031006
