mse: 11.103283882141113
mae: 2.4967763423919678
