mse: 3.6346147060394287
mae: 1.2041878700256348
