mse: 4.400761604309082
mae: 1.3551397323608398
