mse: 3.644782543182373
mae: 1.2069605588912964
