mse: 3.860705614089966
mae: 1.2497509717941284
