mse: 7.995985507965088
mae: 2.023082733154297
