mse: 6.849329471588135
mae: 1.8305633068084717
