mse: 6.500596523284912
mae: 1.716206431388855
