mse: 3.344369649887085
mae: 1.1641793251037598
