mse: 14.522185325622559
mae: 2.979038953781128
