mse: 3.8958702087402344
mae: 1.2538648843765259
