mse: 4.8394455909729
mae: 1.4378306865692139
