mse: 4.384188652038574
mae: 1.3675025701522827
