mse: 9.094329833984375
mae: 2.200331687927246
