mse: 3.505810022354126
mae: 1.181335210800171
