mse: 7.675659656524658
mae: 1.9618370532989502
