mse: 3.370617151260376
mae: 1.1634663343429565
