mse: 12.074065208435059
mae: 2.6646714210510254
