mse: 4.4778265953063965
mae: 1.3666951656341553
