mse: 3.624581813812256
mae: 1.2037824392318726
