mse: 3.6715950965881348
mae: 1.2138506174087524
