mse: 10.922370910644531
mae: 2.400461196899414
