mse: 15.65303897857666
mae: 3.1906747817993164
