mse: 3.547485589981079
mae: 1.1882941722869873
