mse: 4.492430210113525
mae: 1.3640817403793335
