mse: 3.85107421875
mae: 1.2466950416564941
