mse: 10.992592811584473
mae: 2.4045326709747314
