mse: 3.4176712036132812
mae: 1.1680444478988647
