mse: 10.661282539367676
mae: 2.430981397628784
