mse: 3.7629785537719727
mae: 1.230608344078064
