mse: 4.085997104644775
mae: 1.2938783168792725
