mse: 4.577045440673828
mae: 1.38838529586792
