mse: 4.444238662719727
mae: 1.3575119972229004
