mse: 9.540165901184082
mae: 2.383845329284668
