mse: 13.359332084655762
mae: 2.9063527584075928
