mse: 12.945603370666504
mae: 2.6921284198760986
