mse: 18.98340606689453
mae: 3.640916109085083
