mse: 12.360264778137207
mae: 2.651223659515381
