mse: 10.31367015838623
mae: 2.3577568531036377
