mse: 6.258954048156738
mae: 1.7112151384353638
