mse: 8.177694320678711
mae: 2.054877519607544
