mse: 6.3197174072265625
mae: 1.6898199319839478
