mse: 3.3428120613098145
mae: 1.163126826286316
