mse: 3.3424789905548096
mae: 1.1635648012161255
