mse: 5.187332630157471
mae: 1.5072084665298462
