mse: 3.3425145149230957
mae: 1.1623508930206299
