mse: 3.7846193313598633
mae: 1.23796808719635
