mse: 3.4229843616485596
mae: 1.1707801818847656
