mse: 3.632608652114868
mae: 1.2048327922821045
