mse: 7.999783992767334
mae: 2.007798433303833
