mse: 3.6622161865234375
mae: 1.2124160528182983
