mse: 9.705009460449219
mae: 2.2885091304779053
