mse: 3.3829987049102783
mae: 1.1660760641098022
