mse: 6.723586082458496
mae: 1.7964621782302856
