mse: 3.3429322242736816
mae: 1.1638484001159668
