mse: 3.6752676963806152
mae: 1.215711236000061
