mse: 9.11725902557373
mae: 2.1903188228607178
