mse: 3.591421604156494
mae: 1.1983106136322021
