mse: 3.6845881938934326
mae: 1.2146168947219849
