mse: 17.67885971069336
mae: 3.488849401473999
