mse: 12.493212699890137
mae: 2.6519954204559326
