mse: 5.19288444519043
mae: 1.5115846395492554
