mse: 7.3193039894104
mae: 1.8637813329696655
