mse: 3.655677556991577
mae: 1.2096316814422607
