mse: 15.771382331848145
mae: 3.1992554664611816
