mse: 7.235354900360107
mae: 1.9539765119552612
