mse: 3.344154119491577
mae: 1.1641695499420166
