mse: 7.256437301635742
mae: 1.8937338590621948
