mse: 3.514331340789795
mae: 1.1822985410690308
