mse: 5.559591293334961
mae: 1.5784560441970825
