mse: 5.471649646759033
mae: 1.6015136241912842
