mse: 3.4794259071350098
mae: 1.1755183935165405
