mse: 3.916670322418213
mae: 1.2624980211257935
