mse: 4.036320209503174
mae: 1.2889673709869385
