mse: 3.3373398780822754
mae: 1.1600840091705322
