mse: 5.941827774047852
mae: 1.6955424547195435
