mse: 3.367605686187744
mae: 1.1632890701293945
