mse: 11.06104850769043
mae: 2.46494197845459
