mse: 7.764080047607422
mae: 1.9717682600021362
