mse: 11.312475204467773
mae: 2.5887575149536133
