mse: 8.746827125549316
mae: 2.114600896835327
