mse: 3.5259850025177
mae: 1.1871047019958496
