mse: 3.3432464599609375
mae: 1.1632821559906006
