mse: 3.504936456680298
mae: 1.1829110383987427
