mse: 3.4999403953552246
mae: 1.1789642572402954
