mse: 5.473952770233154
mae: 1.565317153930664
