mse: 3.862635850906372
mae: 1.24906325340271
