mse: 3.5416882038116455
mae: 1.1903525590896606
