mse: 5.237929821014404
mae: 1.5531437397003174
