mse: 4.08792781829834
mae: 1.2973216772079468
