mse: 18.856231689453125
mae: 3.6190738677978516
