mse: 3.685457229614258
mae: 1.2155030965805054
