mse: 3.4271457195281982
mae: 1.1696709394454956
