mse: 7.027718544006348
mae: 1.84912109375
