mse: 10.539081573486328
mae: 2.347501754760742
