mse: 3.8296127319335938
mae: 1.2430387735366821
