mse: 3.9569170475006104
mae: 1.271254062652588
