mse: 3.468996047973633
mae: 1.1751893758773804
