mse: 3.3988451957702637
mae: 1.1643986701965332
