mse: 11.800298690795898
mae: 2.517132520675659
