mse: 5.651566982269287
mae: 1.597482442855835
