mse: 11.167797088623047
mae: 2.4298884868621826
