mse: 12.186631202697754
mae: 2.647235631942749
