mse: 10.76488971710205
mae: 2.447725296020508
