mse: 4.481758117675781
mae: 1.3641533851623535
