mse: 3.3674542903900146
mae: 1.1630008220672607
