mse: 13.362770080566406
mae: 2.8531618118286133
