mse: 11.016315460205078
mae: 2.388824939727783
