mse: 3.4857351779937744
mae: 1.1766726970672607
