mse: 6.848495006561279
mae: 1.8087592124938965
