mse: 7.770350456237793
mae: 1.9690381288528442
