mse: 3.6015050411224365
mae: 1.1990793943405151
