mse: 5.490121364593506
mae: 1.5632694959640503
