mse: 7.385098457336426
mae: 1.9076377153396606
