mse: 5.969546318054199
mae: 1.7016412019729614
