mse: 4.481794834136963
mae: 1.367492437362671
