mse: 7.869859218597412
mae: 1.991696834564209
