mse: 7.701857566833496
mae: 1.9287054538726807
