mse: 8.326837539672852
mae: 2.1277384757995605
