mse: 3.5227067470550537
mae: 1.1832174062728882
