mse: 13.24530029296875
mae: 2.8195321559906006
