mse: 3.5258162021636963
mae: 1.184991717338562
