mse: 3.3423314094543457
mae: 1.1633007526397705
