mse: 6.015535354614258
mae: 1.666076898574829
