mse: 3.4760067462921143
mae: 1.180148720741272
