mse: 13.768695831298828
mae: 2.940061092376709
