mse: 12.483159065246582
mae: 2.6061906814575195
