mse: 3.6232786178588867
mae: 1.2020068168640137
