mse: 4.095915794372559
mae: 1.2770482301712036
