mse: 3.954559087753296
mae: 1.2691761255264282
