mse: 4.603243350982666
mae: 1.4179210662841797
