mse: 7.326952934265137
mae: 1.9082194566726685
