mse: 4.808413505554199
mae: 1.4300658702850342
