mse: 4.393185138702393
mae: 1.3524707555770874
