mse: 6.894550800323486
mae: 1.8315980434417725
