mse: 3.480830669403076
mae: 1.1758078336715698
