mse: 4.561859607696533
mae: 1.3855457305908203
