mse: 3.517504930496216
mae: 1.1852360963821411
