mse: 6.749173164367676
mae: 1.858913779258728
