mse: 6.569011211395264
mae: 1.8220653533935547
