mse: 19.73467445373535
mae: 3.7715373039245605
