mse: 9.248039245605469
mae: 2.1896581649780273
