mse: 17.50431251525879
mae: 3.471362352371216
