mse: 19.152950286865234
mae: 3.712812662124634
