mse: 4.442342758178711
mae: 1.3588060140609741
