mse: 6.2447710037231445
mae: 1.712429404258728
