mse: 3.8489110469818115
mae: 1.245067834854126
