mse: 3.341693162918091
mae: 1.1625022888183594
