mse: 3.3905797004699707
mae: 1.167973279953003
