mse: 8.017749786376953
mae: 2.101351261138916
