mse: 4.217336654663086
mae: 1.319443702697754
