mse: 18.2345027923584
mae: 3.6034843921661377
