mse: 4.4951491355896
mae: 1.375038981437683
