mse: 3.5939085483551025
mae: 1.1974297761917114
