mse: 16.10106086730957
mae: 3.2684884071350098
