mse: 3.490203619003296
mae: 1.1780093908309937
