mse: 11.53314208984375
mae: 2.462996006011963
