mse: 11.248627662658691
mae: 2.574814796447754
