mse: 8.391185760498047
mae: 2.0784056186676025
