mse: 5.952639579772949
mae: 1.665593147277832
