mse: 3.610513687133789
mae: 1.2011357545852661
