mse: 3.7438478469848633
mae: 1.2252583503723145
