mse: 4.448989391326904
mae: 1.3605810403823853
