mse: 3.5536515712738037
mae: 1.1899867057800293
