mse: 11.649251937866211
mae: 2.51918625831604
