mse: 4.4381890296936035
mae: 1.361367106437683
