mse: 5.614043712615967
mae: 1.5905020236968994
