mse: 3.632016181945801
mae: 1.204291820526123
