mse: 3.356961965560913
mae: 1.1654212474822998
