mse: 12.25979995727539
mae: 2.656202554702759
