mse: 3.498593807220459
mae: 1.1797188520431519
