mse: 11.483338356018066
mae: 2.5976665019989014
