mse: 4.4577155113220215
mae: 1.3608593940734863
