mse: 5.540771007537842
mae: 1.5764133930206299
