mse: 6.892974376678467
mae: 1.8299765586853027
