mse: 3.8793511390686035
mae: 1.254972219467163
