mse: 8.898274421691895
mae: 2.1368541717529297
