mse: 3.4139564037323
mae: 1.1676603555679321
