mse: 3.860990285873413
mae: 1.2484753131866455
