mse: 18.679161071777344
mae: 3.655174970626831
