mse: 8.185287475585938
mae: 2.039978265762329
