mse: 3.344744920730591
mae: 1.1645848751068115
