mse: 3.345979928970337
mae: 1.163887858390808
