mse: 9.998554229736328
mae: 2.3329522609710693
