mse: 5.596586227416992
mae: 1.5886356830596924
