mse: 7.008535385131836
mae: 1.909812331199646
