mse: 16.000003814697266
mae: 3.2413997650146484
