mse: 3.7305004596710205
mae: 1.2266994714736938
