mse: 3.6226966381073
mae: 1.2034293413162231
