mse: 3.714108943939209
mae: 1.2210525274276733
