mse: 11.315351486206055
mae: 2.4469754695892334
