mse: 3.5145888328552246
mae: 1.1831188201904297
