mse: 5.966423988342285
mae: 1.660675287246704
