mse: 9.885387420654297
mae: 2.2949860095977783
