mse: 4.484409809112549
mae: 1.3637934923171997
