mse: 3.7533457279205322
mae: 1.2290244102478027
