mse: 3.414058208465576
mae: 1.168204426765442
