mse: 6.087353229522705
mae: 1.6902738809585571
