mse: 7.460301399230957
mae: 1.8859903812408447
