mse: 3.3393754959106445
mae: 1.1613355875015259
