mse: 4.08410120010376
mae: 1.2946206331253052
