mse: 10.881282806396484
mae: 2.464298963546753
