mse: 3.4079039096832275
mae: 1.1666337251663208
