mse: 15.162057876586914
mae: 3.067962169647217
