mse: 16.91779899597168
mae: 3.3518543243408203
