mse: 19.259746551513672
mae: 3.716848611831665
