mse: 14.26661491394043
mae: 2.9272749423980713
