mse: 3.8572380542755127
mae: 1.2516175508499146
