mse: 4.380764961242676
mae: 1.3531179428100586
