mse: 5.993093490600586
mae: 1.6636418104171753
