mse: 3.3950932025909424
mae: 1.1644532680511475
