mse: 6.7146501541137695
mae: 1.7994576692581177
