mse: 13.260282516479492
mae: 2.848060369491577
