mse: 3.8245463371276855
mae: 1.2432507276535034
