mse: 3.811892032623291
mae: 1.2423640489578247
