mse: 8.840956687927246
mae: 2.143183469772339
