mse: 4.883657455444336
mae: 1.478164792060852
