mse: 13.055914878845215
mae: 2.800842523574829
