mse: 18.28787612915039
mae: 3.6009130477905273
