mse: 19.129779815673828
mae: 3.703993558883667
