mse: 4.543121337890625
mae: 1.3822163343429565
