mse: 9.845117568969727
mae: 2.29606294631958
