mse: 7.466434478759766
mae: 1.91840660572052
