mse: 6.8742876052856445
mae: 1.8526175022125244
