mse: 3.343435764312744
mae: 1.1637613773345947
