mse: 17.148515701293945
mae: 3.4188880920410156
