mse: 7.158444404602051
mae: 1.8505825996398926
