mse: 3.341999053955078
mae: 1.163139820098877
