mse: 3.3399713039398193
mae: 1.161662220954895
