mse: 8.638665199279785
mae: 2.214019775390625
