mse: 16.869338989257812
mae: 3.3902008533477783
