mse: 3.339893102645874
mae: 1.160875678062439
