mse: 7.8532257080078125
mae: 1.9903165102005005
