mse: 3.6051366329193115
mae: 1.1994374990463257
