mse: 6.861752510070801
mae: 1.8211013078689575
