mse: 4.477471351623535
mae: 1.354263424873352
