mse: 3.8300509452819824
mae: 1.2434403896331787
