mse: 15.373902320861816
mae: 3.139256715774536
