mse: 4.154751300811768
mae: 1.2901809215545654
