mse: 3.426100969314575
mae: 1.1674888134002686
