mse: 6.121500015258789
mae: 1.6937991380691528
