mse: 3.658468723297119
mae: 1.20838463306427
