mse: 3.343463659286499
mae: 1.1638811826705933
