mse: 18.242145538330078
mae: 3.5663628578186035
