mse: 5.123876571655273
mae: 1.4746253490447998
