mse: 3.43635630607605
mae: 1.1724094152450562
