mse: 3.6151697635650635
mae: 1.2013189792633057
