mse: 7.020261287689209
mae: 1.8104002475738525
