mse: 5.831659317016602
mae: 1.635180115699768
