mse: 5.151796817779541
mae: 1.4978430271148682
