mse: 14.127887725830078
mae: 2.9686336517333984
