mse: 3.395998477935791
mae: 1.1641104221343994
