mse: 10.745587348937988
mae: 2.447195529937744
