mse: 18.58517837524414
mae: 3.6313745975494385
