mse: 19.027902603149414
mae: 3.656724214553833
