mse: 15.049606323242188
mae: 3.1541173458099365
