mse: 6.915269374847412
mae: 1.8349673748016357
