mse: 3.5253045558929443
mae: 1.1855353116989136
