mse: 11.95173454284668
mae: 2.758606433868408
