mse: 3.7842142581939697
mae: 1.236053228378296
