mse: 4.816583156585693
mae: 1.4296491146087646
