mse: 4.814868927001953
mae: 1.4190001487731934
