mse: 3.5362367630004883
mae: 1.185754656791687
