mse: 3.840106725692749
mae: 1.2452424764633179
