mse: 3.809952974319458
mae: 1.2401165962219238
