mse: 6.055181980133057
mae: 1.6761187314987183
