mse: 8.701658248901367
mae: 2.136251211166382
