mse: 3.3408925533294678
mae: 1.1620973348617554
