mse: 4.127128601074219
mae: 1.304619312286377
