mse: 3.3433005809783936
mae: 1.1637046337127686
