mse: 3.405275821685791
mae: 1.165740728378296
