mse: 3.6767001152038574
mae: 1.2136154174804688
