mse: 14.110530853271484
mae: 3.0042059421539307
