mse: 6.657488822937012
mae: 1.7867975234985352
