mse: 3.3438265323638916
mae: 1.1643362045288086
