mse: 3.8053836822509766
mae: 1.2398792505264282
