mse: 3.8355441093444824
mae: 1.2431672811508179
