mse: 9.579906463623047
mae: 2.2564477920532227
