mse: 9.91419506072998
mae: 2.3226189613342285
