mse: 6.921980857849121
mae: 1.8253090381622314
