mse: 3.453895330429077
mae: 1.1726285219192505
