mse: 10.171366691589355
mae: 2.358229160308838
