mse: 4.038142681121826
mae: 1.2644401788711548
