mse: 19.74124526977539
mae: 3.7809319496154785
