mse: 3.5785579681396484
mae: 1.1962454319000244
