mse: 3.614698886871338
mae: 1.1950674057006836
