mse: 3.965280055999756
mae: 1.2739216089248657
