mse: 3.4784491062164307
mae: 1.1768853664398193
