mse: 3.843754291534424
mae: 1.2437642812728882
