mse: 3.8172521591186523
mae: 1.2391690015792847
