mse: 4.440572261810303
mae: 1.362494945526123
