mse: 7.4878950119018555
mae: 1.8879622220993042
