mse: 7.370140075683594
mae: 1.8740078210830688
