mse: 11.133087158203125
mae: 2.4161455631256104
