mse: 3.6308298110961914
mae: 1.2042797803878784
