mse: 3.3761754035949707
mae: 1.1648930311203003
