mse: 3.4796664714813232
mae: 1.1765055656433105
