mse: 3.3459153175354004
mae: 1.163588047027588
