mse: 3.3433678150177
mae: 1.1629133224487305
