mse: 18.748449325561523
mae: 3.633824348449707
