mse: 4.62452507019043
mae: 1.4222142696380615
