mse: 11.938884735107422
mae: 2.614300489425659
