mse: 4.327094554901123
mae: 1.3539953231811523
