mse: 5.118565559387207
mae: 1.5275238752365112
