mse: 3.948394536972046
mae: 1.2706314325332642
