mse: 19.152481079101562
mae: 3.6575276851654053
