mse: 3.338153123855591
mae: 1.1600464582443237
