mse: 9.39218521118164
mae: 2.227058172225952
