mse: 4.05549430847168
mae: 1.2940493822097778
