mse: 16.457101821899414
mae: 3.320406675338745
