mse: 6.826138019561768
mae: 1.8245235681533813
