mse: 5.604341983795166
mae: 1.5910131931304932
