mse: 9.343413352966309
mae: 2.2081804275512695
