mse: 18.414703369140625
mae: 3.58453369140625
