mse: 5.21640682220459
mae: 1.5118259191513062
