mse: 3.831352472305298
mae: 1.243789553642273
