mse: 3.6040124893188477
mae: 1.200623631477356
