mse: 15.6990966796875
mae: 3.1802186965942383
