mse: 10.857065200805664
mae: 2.440537452697754
