mse: 3.3409624099731445
mae: 1.1622027158737183
