mse: 7.165055274963379
mae: 1.830733060836792
