mse: 3.4704513549804688
mae: 1.175404667854309
