mse: 6.658897876739502
mae: 1.7543452978134155
