mse: 3.3413710594177246
mae: 1.161879539489746
