mse: 3.5065486431121826
mae: 1.1829712390899658
