mse: 6.100686073303223
mae: 1.688651442527771
