mse: 3.6114304065704346
mae: 1.2003718614578247
