mse: 18.68260383605957
mae: 3.638503313064575
