mse: 5.504300594329834
mae: 1.5660501718521118
