mse: 11.324638366699219
mae: 2.4317920207977295
