mse: 4.114273548126221
mae: 1.2989362478256226
