mse: 16.949872970581055
mae: 3.3827691078186035
