mse: 19.669525146484375
mae: 3.742974042892456
