mse: 3.49743390083313
mae: 1.1787151098251343
