mse: 3.83978009223938
mae: 1.2467180490493774
