mse: 17.392797470092773
mae: 3.493900775909424
