mse: 3.619901180267334
mae: 1.2018555402755737
