mse: 3.3432910442352295
mae: 1.163757562637329
