mse: 3.8309223651885986
mae: 1.2452868223190308
