mse: 9.10926342010498
mae: 2.168461322784424
