mse: 13.215469360351562
mae: 2.861036539077759
