mse: 11.086050987243652
mae: 2.5229146480560303
