mse: 13.46489143371582
mae: 2.8159732818603516
