mse: 5.9525465965271
mae: 1.6594947576522827
