mse: 3.5930349826812744
mae: 1.1995315551757812
