mse: 5.445013999938965
mae: 1.552542805671692
