mse: 12.846092224121094
mae: 2.8065662384033203
