mse: 8.527666091918945
mae: 2.0798230171203613
