mse: 6.67580509185791
mae: 1.7876713275909424
