mse: 7.224598407745361
mae: 1.8419476747512817
