mse: 4.434207916259766
mae: 1.3579590320587158
