mse: 11.253314018249512
mae: 2.4403183460235596
