mse: 3.344043493270874
mae: 1.1635427474975586
