mse: 4.049770832061768
mae: 1.2858139276504517
