mse: 3.532670497894287
mae: 1.1852315664291382
