mse: 9.77082633972168
mae: 2.227752208709717
