mse: 18.32145881652832
mae: 3.612621307373047
