mse: 11.553460121154785
mae: 2.5186235904693604
