mse: 10.595556259155273
mae: 2.434887647628784
