mse: 3.423640012741089
mae: 1.1690305471420288
