mse: 3.9500863552093506
mae: 1.2705280780792236
