mse: 3.649351119995117
mae: 1.2069767713546753
