mse: 16.12239646911621
mae: 3.300114154815674
