mse: 7.776981830596924
mae: 1.9714689254760742
