mse: 6.73673677444458
mae: 1.761431097984314
