mse: 6.5195393562316895
mae: 1.7648756504058838
