mse: 6.033893585205078
mae: 1.674875259399414
