mse: 3.343641519546509
mae: 1.1640174388885498
