mse: 3.3429977893829346
mae: 1.1627941131591797
