mse: 3.6752171516418457
mae: 1.2140774726867676
