mse: 6.5133056640625
mae: 1.810844898223877
