mse: 12.99500560760498
mae: 2.695855140686035
