mse: 3.340470314025879
mae: 1.1618322134017944
