mse: 11.899253845214844
mae: 2.6377134323120117
