mse: 18.26893424987793
mae: 3.548450231552124
