mse: 18.81526756286621
mae: 3.653726100921631
