mse: 3.8344225883483887
mae: 1.2445311546325684
