mse: 3.4238734245300293
mae: 1.1679342985153198
