mse: 15.15673542022705
mae: 3.171682834625244
