mse: 18.543710708618164
mae: 3.6283371448516846
