mse: 4.82491397857666
mae: 1.4297927618026733
