mse: 19.152502059936523
mae: 3.6632091999053955
