mse: 19.32309341430664
mae: 3.7420718669891357
