mse: 8.344048500061035
mae: 2.069793701171875
