mse: 4.411994934082031
mae: 1.3567147254943848
