mse: 11.051612854003906
mae: 2.546123504638672
