mse: 3.3418896198272705
mae: 1.1631660461425781
