mse: 3.545957088470459
mae: 1.1887787580490112
