mse: 3.34383225440979
mae: 1.1642303466796875
