mse: 6.669706344604492
mae: 1.8437726497650146
