mse: 5.555258274078369
mae: 1.57848060131073
