mse: 3.3395214080810547
mae: 1.1607378721237183
