mse: 3.6741743087768555
mae: 1.2107652425765991
