mse: 10.436147689819336
mae: 2.4003994464874268
