mse: 8.25165843963623
mae: 2.052182674407959
