mse: 13.398429870605469
mae: 2.907071828842163
