mse: 3.6090455055236816
mae: 1.1996172666549683
