mse: 3.3672635555267334
mae: 1.165156602859497
