mse: 3.6463446617126465
mae: 1.2097936868667603
