mse: 3.484694480895996
mae: 1.176533818244934
