mse: 7.035912990570068
mae: 1.8246318101882935
