mse: 4.306117057800293
mae: 1.3140249252319336
