mse: 11.790508270263672
mae: 2.559511661529541
