mse: 14.651000022888184
mae: 3.030942678451538
