mse: 6.235946178436279
mae: 1.710851788520813
