mse: 3.930898427963257
mae: 1.2685648202896118
