mse: 10.874378204345703
mae: 2.3607842922210693
