mse: 3.338942050933838
mae: 1.1607176065444946
