mse: 10.985089302062988
mae: 2.4371936321258545
