mse: 7.590738296508789
mae: 1.943063735961914
