mse: 7.61268424987793
mae: 1.9488509893417358
