mse: 3.640221357345581
mae: 1.2050549983978271
