mse: 9.984068870544434
mae: 2.2659311294555664
