mse: 3.5531165599823
mae: 1.1901839971542358
