mse: 4.449773788452148
mae: 1.358691930770874
