mse: 3.8129801750183105
mae: 1.2407238483428955
