mse: 4.618638515472412
mae: 1.4006341695785522
