mse: 4.6705851554870605
mae: 1.4062423706054688
