mse: 11.322486877441406
mae: 2.552791118621826
