mse: 7.139648914337158
mae: 1.8333451747894287
