mse: 12.120718002319336
mae: 2.5631463527679443
