mse: 19.841503143310547
mae: 3.7782177925109863
