mse: 3.3429198265075684
mae: 1.1636526584625244
