mse: 4.16590690612793
mae: 1.318847417831421
