mse: 8.452157974243164
mae: 2.0650625228881836
