mse: 3.9458060264587402
mae: 1.2668185234069824
