mse: 20.12685203552246
mae: 3.8125767707824707
