mse: 5.921360492706299
mae: 1.6562621593475342
