mse: 3.868234395980835
mae: 1.2520010471343994
