mse: 5.668704032897949
mae: 1.570785641670227
