mse: 9.39017391204834
mae: 2.2231359481811523
