mse: 4.793785095214844
mae: 1.4591503143310547
