mse: 3.6002728939056396
mae: 1.2003353834152222
