mse: 10.53044605255127
mae: 2.5218303203582764
