mse: 19.132265090942383
mae: 3.6876885890960693
