mse: 9.781529426574707
mae: 2.2860493659973145
