mse: 3.3424713611602783
mae: 1.163069486618042
