mse: 18.955535888671875
mae: 3.63004994392395
