mse: 3.340212821960449
mae: 1.1614282131195068
