mse: 3.9167144298553467
mae: 1.2640095949172974
