mse: 3.3952226638793945
mae: 1.1638680696487427
