mse: 3.34549617767334
mae: 1.1637086868286133
