mse: 3.394193649291992
mae: 1.1645773649215698
