mse: 3.3434484004974365
mae: 1.1631958484649658
