mse: 18.503114700317383
mae: 3.6143198013305664
