mse: 6.867455005645752
mae: 1.814821481704712
