mse: 3.3986384868621826
mae: 1.1645649671554565
