mse: 4.121745586395264
mae: 1.3018591403961182
