mse: 18.484140396118164
mae: 3.5730044841766357
