mse: 3.6472597122192383
mae: 1.2070986032485962
