mse: 4.218432426452637
mae: 1.3189375400543213
