mse: 18.046951293945312
mae: 3.52103328704834
