mse: 7.078267574310303
mae: 1.851293683052063
