mse: 4.090385913848877
mae: 1.2942756414413452
