mse: 3.3433220386505127
mae: 1.1636890172958374
