mse: 8.807567596435547
mae: 2.1263444423675537
