mse: 15.953909873962402
mae: 3.2800066471099854
