mse: 11.74020004272461
mae: 2.500474214553833
