mse: 3.7365846633911133
mae: 1.2273181676864624
