mse: 11.198500633239746
mae: 2.5076849460601807
