mse: 3.4392223358154297
mae: 1.172716498374939
