mse: 10.524675369262695
mae: 2.555485725402832
