mse: 10.280061721801758
mae: 2.3488519191741943
