mse: 3.8606936931610107
mae: 1.2508012056350708
