mse: 5.91370153427124
mae: 1.648085355758667
