mse: 16.44437599182129
mae: 3.345449209213257
