mse: 4.362268447875977
mae: 1.3620128631591797
