mse: 3.4694104194641113
mae: 1.1736618280410767
