mse: 10.939996719360352
mae: 2.3762400150299072
