mse: 3.5029256343841553
mae: 1.1802583932876587
