mse: 3.8473634719848633
mae: 1.2448036670684814
