mse: 17.87825584411621
mae: 3.515364170074463
