mse: 4.818044185638428
mae: 1.4341055154800415
