mse: 6.5823564529418945
mae: 1.7419352531433105
