mse: 6.98839807510376
mae: 1.84563148021698
