mse: 7.367282390594482
mae: 1.8709352016448975
