mse: 5.809371471405029
mae: 1.6330711841583252
