mse: 3.3430864810943604
mae: 1.1634536981582642
