mse: 6.436054229736328
mae: 1.7038465738296509
