mse: 9.28744888305664
mae: 2.2991385459899902
