mse: 3.4823782444000244
mae: 1.176895260810852
