mse: 3.470186233520508
mae: 1.176364779472351
