mse: 3.6107327938079834
mae: 1.2020741701126099
