mse: 3.686560869216919
mae: 1.2154923677444458
