mse: 3.6760644912719727
mae: 1.2170950174331665
