mse: 3.4887030124664307
mae: 1.1797764301300049
