mse: 4.4355974197387695
mae: 1.359147310256958
