mse: 3.42415452003479
mae: 1.171107292175293
