mse: 6.336556911468506
mae: 1.7264628410339355
