mse: 6.858852386474609
mae: 1.78798508644104
