mse: 3.740088939666748
mae: 1.2272086143493652
