mse: 3.706547975540161
mae: 1.2189656496047974
