mse: 3.83693528175354
mae: 1.2464169263839722
