mse: 20.415035247802734
mae: 3.8310821056365967
