mse: 3.3439345359802246
mae: 1.1637852191925049
