mse: 19.603342056274414
mae: 3.7204091548919678
