mse: 7.500243663787842
mae: 1.9306360483169556
