mse: 3.3415799140930176
mae: 1.1623295545578003
