mse: 5.078979969024658
mae: 1.4871009588241577
