mse: 19.6046199798584
mae: 3.7166013717651367
