mse: 3.397157907485962
mae: 1.1646060943603516
