mse: 3.941279888153076
mae: 1.2661877870559692
