mse: 3.5420494079589844
mae: 1.1903672218322754
