mse: 19.01333236694336
mae: 3.665679931640625
