mse: 3.3514184951782227
mae: 1.1658122539520264
