mse: 3.848806381225586
mae: 1.2470885515213013
