mse: 7.04923677444458
mae: 1.8440512418746948
