mse: 3.637737512588501
mae: 1.1988966464996338
