mse: 3.4095382690429688
mae: 1.1662983894348145
