mse: 14.396162986755371
mae: 3.0608105659484863
