mse: 3.8391098976135254
mae: 1.247989296913147
