mse: 6.376174449920654
mae: 1.7351596355438232
