mse: 3.3443238735198975
mae: 1.1641932725906372
