mse: 3.4142277240753174
mae: 1.167180061340332
