mse: 3.4640848636627197
mae: 1.1765185594558716
