mse: 13.59505844116211
mae: 2.8508753776550293
