mse: 15.916556358337402
mae: 3.235226631164551
