mse: 4.137470245361328
mae: 1.3053405284881592
