mse: 7.603551387786865
mae: 1.9397372007369995
