mse: 3.5038318634033203
mae: 1.1802093982696533
