mse: 5.286001205444336
mae: 1.5229525566101074
