mse: 5.02935266494751
mae: 1.4747270345687866
