mse: 3.8143584728240967
mae: 1.2430423498153687
