mse: 3.7003285884857178
mae: 1.219666600227356
