mse: 3.341780185699463
mae: 1.1624715328216553
