mse: 3.49338960647583
mae: 1.178233027458191
