mse: 10.744333267211914
mae: 2.476696491241455
