mse: 3.481114387512207
mae: 1.1770364046096802
