mse: 3.915504217147827
mae: 1.263208270072937
