mse: 3.3777780532836914
mae: 1.1655718088150024
