mse: 8.68421459197998
mae: 2.1048028469085693
