mse: 5.561262130737305
mae: 1.5833680629730225
