mse: 6.543123245239258
mae: 1.772017002105713
