mse: 3.3426871299743652
mae: 1.163703203201294
