mse: 16.082603454589844
mae: 3.237715005874634
