mse: 4.11889123916626
mae: 1.2984893321990967
