mse: 4.48952579498291
mae: 1.3653637170791626
