mse: 12.219745635986328
mae: 2.653120994567871
