mse: 4.4882097244262695
mae: 1.3647128343582153
