mse: 11.022849082946777
mae: 2.463273286819458
