mse: 4.09884786605835
mae: 1.29701828956604
