mse: 6.816476821899414
mae: 1.7798261642456055
