mse: 3.3791770935058594
mae: 1.1653684377670288
