mse: 5.553394317626953
mae: 1.5812478065490723
