mse: 7.469419479370117
mae: 1.9162101745605469
