mse: 6.818131923675537
mae: 1.806318759918213
