mse: 5.019501686096191
mae: 1.475362777709961
