mse: 3.5571470260620117
mae: 1.1892499923706055
