mse: 7.60492467880249
mae: 1.9443778991699219
