mse: 4.469647407531738
mae: 1.3663139343261719
