mse: 3.9252631664276123
mae: 1.263648271560669
