mse: 11.243370056152344
mae: 2.56996750831604
