mse: 6.020918369293213
mae: 1.6769102811813354
