mse: 7.648204326629639
mae: 1.9208686351776123
