mse: 9.433006286621094
mae: 2.2291340827941895
