mse: 5.850314617156982
mae: 1.6027556657791138
