mse: 4.896911144256592
mae: 1.4467241764068604
