mse: 3.8381428718566895
mae: 1.244602084159851
