mse: 6.100769519805908
mae: 1.6875865459442139
