mse: 17.61171531677246
mae: 3.5177698135375977
