mse: 5.619511604309082
mae: 1.5925984382629395
