mse: 3.409625291824341
mae: 1.171314001083374
