mse: 3.5906822681427
mae: 1.1969425678253174
