mse: 4.6119160652160645
mae: 1.3958334922790527
