mse: 13.983656883239746
mae: 2.9269354343414307
