mse: 4.577358722686768
mae: 1.3898946046829224
