mse: 3.3421599864959717
mae: 1.1623884439468384
