mse: 13.312774658203125
mae: 2.7448060512542725
