mse: 3.495563268661499
mae: 1.178188681602478
