mse: 18.545331954956055
mae: 3.6039516925811768
