mse: 3.657350540161133
mae: 1.2116061449050903
