mse: 3.4736454486846924
mae: 1.1796786785125732
