mse: 3.3464856147766113
mae: 1.1640552282333374
