mse: 3.9805753231048584
mae: 1.2725943326950073
