mse: 19.772533416748047
mae: 3.765735387802124
