mse: 3.749293565750122
mae: 1.2295409440994263
