mse: 18.65220832824707
mae: 3.6001932621002197
