mse: 3.6250557899475098
mae: 1.203168272972107
