mse: 19.59410285949707
mae: 3.791093349456787
