mse: 3.5248401165008545
mae: 1.1836024522781372
