mse: 6.044406890869141
mae: 1.6744999885559082
