mse: 3.373019218444824
mae: 1.1653121709823608
