mse: 3.6256093978881836
mae: 1.2023099660873413
