mse: 11.889381408691406
mae: 2.556072235107422
