mse: 5.487166404724121
mae: 1.5671671628952026
