mse: 3.799685001373291
mae: 1.223110318183899
