mse: 8.206635475158691
mae: 2.0421745777130127
