mse: 7.210561275482178
mae: 1.867547631263733
