mse: 19.09735870361328
mae: 3.647142171859741
