mse: 13.009381294250488
mae: 2.8509812355041504
