mse: 5.165610313415527
mae: 1.537649154663086
