mse: 10.44853401184082
mae: 2.3745200634002686
