mse: 3.853118419647217
mae: 1.2473747730255127
