mse: 3.919649839401245
mae: 1.2632485628128052
