mse: 7.296813011169434
mae: 1.8527271747589111
