mse: 10.024935722351074
mae: 2.316406011581421
