mse: 3.6134092807769775
mae: 1.2025238275527954
