mse: 10.725441932678223
mae: 2.336886405944824
