mse: 3.8235936164855957
mae: 1.243401050567627
