mse: 5.396918296813965
mae: 1.5448992252349854
