mse: 18.651805877685547
mae: 3.6268906593322754
