mse: 4.982215404510498
mae: 1.452288269996643
