mse: 3.613743543624878
mae: 1.2017306089401245
