mse: 3.3392093181610107
mae: 1.1611626148223877
