mse: 3.689103841781616
mae: 1.2164452075958252
