mse: 6.170610427856445
mae: 1.703624963760376
