mse: 3.425898313522339
mae: 1.1681277751922607
