mse: 3.80884051322937
mae: 1.2414926290512085
