mse: 3.8542122840881348
mae: 1.2468900680541992
