mse: 8.61005687713623
mae: 2.08990216255188
