mse: 3.471930503845215
mae: 1.1740285158157349
