mse: 3.3379366397857666
mae: 1.1602816581726074
