mse: 13.959668159484863
mae: 2.8815691471099854
