mse: 4.116075038909912
mae: 1.2977385520935059
