mse: 3.3440349102020264
mae: 1.164077639579773
