mse: 3.44000244140625
mae: 1.1697217226028442
