mse: 6.960354328155518
mae: 1.83280611038208
