mse: 3.411787748336792
mae: 1.167172908782959
