mse: 3.6033432483673096
mae: 1.2013764381408691
