mse: 7.590330600738525
mae: 1.9131677150726318
