mse: 3.768787145614624
mae: 1.2322226762771606
