mse: 3.8429582118988037
mae: 1.2462762594223022
