mse: 6.003814697265625
mae: 1.6632598638534546
