mse: 3.444540023803711
mae: 1.1709409952163696
