mse: 6.735885143280029
mae: 1.765221118927002
