mse: 6.6443047523498535
mae: 1.7852638959884644
