mse: 12.619022369384766
mae: 2.672070264816284
