mse: 6.770528793334961
mae: 1.795835018157959
