mse: 9.09675407409668
mae: 2.1848013401031494
