mse: 4.058788776397705
mae: 1.2902508974075317
