mse: 3.717545509338379
mae: 1.2217856645584106
