mse: 3.341094493865967
mae: 1.1619071960449219
