mse: 3.9241952896118164
mae: 1.2652397155761719
