mse: 7.072593688964844
mae: 1.8286621570587158
