mse: 3.4273693561553955
mae: 1.1676561832427979
