mse: 3.4562840461730957
mae: 1.1737098693847656
