mse: 3.791534185409546
mae: 1.238508939743042
