mse: 8.979486465454102
mae: 2.1524999141693115
