mse: 5.926104545593262
mae: 1.6509252786636353
