mse: 16.602798461914062
mae: 3.317514419555664
