mse: 5.420159339904785
mae: 1.55301833152771
