mse: 5.517176628112793
mae: 1.571940302848816
