mse: 3.792495012283325
mae: 1.2373920679092407
