mse: 14.303262710571289
mae: 2.9608030319213867
