mse: 5.452616214752197
mae: 1.5537338256835938
