mse: 17.034814834594727
mae: 3.378937005996704
