mse: 3.9248545169830322
mae: 1.2627382278442383
