mse: 18.850261688232422
mae: 3.639718770980835
