mse: 3.66953444480896
mae: 1.210508108139038
