mse: 18.938800811767578
mae: 3.680737257003784
