mse: 18.98172950744629
mae: 3.6767306327819824
