mse: 4.081926345825195
mae: 1.2946407794952393
