mse: 3.9520909786224365
mae: 1.2693557739257812
