mse: 3.3749618530273438
mae: 1.1643918752670288
