mse: 8.287403106689453
mae: 2.0593807697296143
