mse: 6.7694411277771
mae: 1.8075696229934692
