mse: 17.12151527404785
mae: 3.3846564292907715
