mse: 4.193500518798828
mae: 1.3158738613128662
