mse: 7.593860626220703
mae: 1.9411842823028564
