mse: 4.7163519859313965
mae: 1.4423725605010986
