mse: 3.343867063522339
mae: 1.1643370389938354
