mse: 3.3665859699249268
mae: 1.1631685495376587
