mse: 3.871126413345337
mae: 1.2372276782989502
