mse: 7.860077857971191
mae: 1.9675402641296387
