mse: 20.433231353759766
mae: 3.8396949768066406
