mse: 4.642213821411133
mae: 1.3815932273864746
