mse: 5.895869731903076
mae: 1.6458892822265625
