mse: 5.95041036605835
mae: 1.653181552886963
