mse: 5.49707555770874
mae: 1.5684092044830322
