mse: 3.6044418811798096
mae: 1.2007430791854858
