mse: 4.450506210327148
mae: 1.3572906255722046
