mse: 4.74251127243042
mae: 1.4200048446655273
