mse: 3.611926794052124
mae: 1.202538013458252
