mse: 8.00855827331543
mae: 2.068655490875244
