mse: 9.13460922241211
mae: 2.1884212493896484
