mse: 3.3774876594543457
mae: 1.1649043560028076
