mse: 6.176327228546143
mae: 1.703451156616211
