mse: 3.3375003337860107
mae: 1.1600340604782104
