mse: 8.751364707946777
mae: 2.115158796310425
