mse: 11.544182777404785
mae: 2.598719835281372
