mse: 18.255033493041992
mae: 3.5431840419769287
