mse: 8.038715362548828
mae: 2.0164620876312256
