mse: 18.682214736938477
mae: 3.6306819915771484
