mse: 8.309993743896484
mae: 2.0615155696868896
