mse: 6.033695220947266
mae: 1.713842749595642
