mse: 3.338890314102173
mae: 1.1610372066497803
