mse: 3.341839551925659
mae: 1.1626863479614258
