mse: 19.6765079498291
mae: 3.73437237739563
