mse: 3.505777359008789
mae: 1.180240511894226
