mse: 3.866964340209961
mae: 1.2514792680740356
