mse: 3.3374974727630615
mae: 1.1601998805999756
