mse: 4.123112678527832
mae: 1.2999619245529175
