mse: 4.576021671295166
mae: 1.3918302059173584
