mse: 3.339569568634033
mae: 1.160685420036316
