mse: 3.4816155433654785
mae: 1.1756914854049683
