mse: 4.1017374992370605
mae: 1.2998768091201782
