mse: 8.815746307373047
mae: 2.2478203773498535
