mse: 19.31201934814453
mae: 3.705317258834839
