mse: 11.691916465759277
mae: 2.625767469406128
