mse: 4.086843013763428
mae: 1.2944488525390625
