mse: 3.645059585571289
mae: 1.2069669961929321
