mse: 3.6090939044952393
mae: 1.2000138759613037
