mse: 3.8556673526763916
mae: 1.2509154081344604
