mse: 13.84796142578125
mae: 2.932220220565796
