mse: 6.1313700675964355
mae: 1.6941604614257812
