mse: 3.342616319656372
mae: 1.163657307624817
