mse: 7.18693733215332
mae: 1.8338756561279297
