mse: 8.292840003967285
mae: 2.059403419494629
