mse: 7.580622673034668
mae: 1.907810091972351
