mse: 7.826684951782227
mae: 1.9835302829742432
