mse: 3.5278713703155518
mae: 1.1872833967208862
