mse: 6.062824726104736
mae: 1.683990716934204
