mse: 9.827284812927246
mae: 2.296736001968384
