mse: 3.3410301208496094
mae: 1.1616131067276
