mse: 10.410296440124512
mae: 2.2967042922973633
