mse: 6.278625965118408
mae: 1.6774981021881104
