mse: 3.508859157562256
mae: 1.1803886890411377
