mse: 3.6061365604400635
mae: 1.2011573314666748
