mse: 5.176375865936279
mae: 1.5054501295089722
