mse: 13.336837768554688
mae: 2.879392623901367
