mse: 16.799013137817383
mae: 3.389665365219116
