mse: 3.3387458324432373
mae: 1.1610945463180542
