mse: 12.062460899353027
mae: 2.5424997806549072
