mse: 6.087650775909424
mae: 1.6875746250152588
