mse: 3.8835575580596924
mae: 1.2502577304840088
