mse: 3.343754529953003
mae: 1.1642972230911255
