mse: 6.481362819671631
mae: 1.7596713304519653
