mse: 3.3463470935821533
mae: 1.1638116836547852
