mse: 10.542093276977539
mae: 2.3907973766326904
