mse: 18.27739143371582
mae: 3.5668883323669434
