mse: 3.4182286262512207
mae: 1.1687778234481812
