mse: 4.914276123046875
mae: 1.4501320123672485
