mse: 18.673242568969727
mae: 3.6177737712860107
