mse: 4.411844730377197
mae: 1.3551197052001953
