mse: 4.576115608215332
mae: 1.3941723108291626
