mse: 4.119203090667725
mae: 1.2991647720336914
