mse: 6.927955150604248
mae: 1.81815767288208
