mse: 12.522333145141602
mae: 2.692230463027954
