mse: 3.542475938796997
mae: 1.187107801437378
