mse: 8.915876388549805
mae: 2.1413753032684326
