mse: 3.687079906463623
mae: 1.217221736907959
