mse: 17.340911865234375
mae: 3.4107604026794434
