mse: 12.429633140563965
mae: 2.6806905269622803
