mse: 15.008065223693848
mae: 3.1887190341949463
