mse: 5.516387462615967
mae: 1.572441577911377
