mse: 10.209195137023926
mae: 2.2592878341674805
