mse: 3.8206026554107666
mae: 1.242161512374878
