mse: 7.464274883270264
mae: 1.9315941333770752
