mse: 7.093606472015381
mae: 1.8650522232055664
