mse: 3.4009921550750732
mae: 1.1648865938186646
