mse: 3.7875118255615234
mae: 1.240037202835083
