mse: 11.022034645080566
mae: 2.384908437728882
