mse: 12.578505516052246
mae: 2.683316707611084
