mse: 5.8236212730407715
mae: 1.6343482732772827
