mse: 3.343003749847412
mae: 1.1641122102737427
