mse: 4.120068550109863
mae: 1.3029941320419312
