mse: 3.8738133907318115
mae: 1.2506747245788574
