mse: 3.3691294193267822
mae: 1.1634494066238403
