mse: 5.545443534851074
mae: 1.5815671682357788
