mse: 4.057157516479492
mae: 1.2914109230041504
