mse: 4.107271671295166
mae: 1.3013726472854614
