mse: 4.628241062164307
mae: 1.3994859457015991
