mse: 5.883976936340332
mae: 1.6490707397460938
