mse: 3.567310094833374
mae: 1.1920498609542847
