mse: 3.40954852104187
mae: 1.1663466691970825
