mse: 4.841034412384033
mae: 1.4397685527801514
