mse: 3.339292049407959
mae: 1.1611064672470093
