mse: 18.665821075439453
mae: 3.649683713912964
