mse: 12.560343742370605
mae: 2.637096643447876
