mse: 14.79493236541748
mae: 2.9985337257385254
