mse: 4.153746604919434
mae: 1.3070770502090454
