mse: 5.970928192138672
mae: 1.6605244874954224
