mse: 7.082826614379883
mae: 1.8200454711914062
