mse: 3.5876433849334717
mae: 1.1946659088134766
