mse: 3.4873485565185547
mae: 1.1770530939102173
