mse: 12.609888076782227
mae: 2.7424428462982178
