mse: 19.30447006225586
mae: 3.67665958404541
