mse: 9.201350212097168
mae: 2.1857926845550537
