mse: 5.481613636016846
mae: 1.5629894733428955
