mse: 18.79960060119629
mae: 3.611818552017212
