mse: 17.040212631225586
mae: 3.423025608062744
