mse: 10.10628890991211
mae: 2.2482798099517822
