mse: 18.659059524536133
mae: 3.6500470638275146
