mse: 3.419577121734619
mae: 1.1702040433883667
