mse: 7.845952987670898
mae: 1.959997534751892
