mse: 3.3428707122802734
mae: 1.1626886129379272
