mse: 19.79570198059082
mae: 3.767996311187744
