mse: 13.367844581604004
mae: 2.800045967102051
