mse: 3.342953681945801
mae: 1.1626027822494507
