mse: 3.6153557300567627
mae: 1.2022935152053833
