mse: 5.931715488433838
mae: 1.6194250583648682
