mse: 0.5132690668106079
mae: 0.4913196265697479
