mse: 1.1904376745224
mae: 0.7211639881134033
