mse: 1.256349802017212
mae: 0.7685723900794983
