mse: 0.35438671708106995
mae: 0.36649659276008606
