mse: 1.1449579000473022
nan_count: 0
mae: 0.6075620055198669
nan_count: 0
