mse: 1.1443850994110107
nan_count: 0
mae: 0.5927688479423523
nan_count: 0
