mse: 1.1441209316253662
nan_count: 0
mae: 0.607550323009491
nan_count: 0
