mse: 2.2986342906951904
nan_count: 0
mae: 1.00835120677948
nan_count: 0
