mse: 2.290832996368408
nan_count: 0
mae: 1.006921648979187
nan_count: 0
