mse: 0.3788251578807831
nan_count: 0
mae: 0.3963547348976135
nan_count: 0
