mse: 0.3577563166618347
mae: 0.3849824368953705
