mse: 0.3885609805583954
nan_count: 0
mae: 0.4041449725627899
nan_count: 0
