mse: 0.3206693232059479
mae: 0.3922240138053894
