mse: 0.3244979977607727
mae: 0.3947882056236267
