mse: 0.32048484683036804
mae: 0.3913000524044037
