mse: 0.3232007622718811
mae: 0.3945420980453491
