mse: 0.3296211063861847
mae: 0.39888596534729004
