mse: 0.3197745382785797
mae: 0.39070940017700195
