mse: 0.31947508454322815
mae: 0.39065101742744446
