mse: 0.32063084840774536
mae: 0.3913525938987732
