mse: 0.32042986154556274
mae: 0.3917194604873657
