mse: 0.31884488463401794
mae: 0.3905106484889984
