mse: 0.31895244121551514
mae: 0.39052993059158325
