mse: 0.32629451155662537
mae: 0.3970339000225067
