mse: 0.32225707173347473
mae: 0.3924594819545746
