mse: 0.3248017728328705
mae: 0.3946411907672882
