mse: 0.3230013847351074
mae: 0.3944922089576721
