mse: 0.3264159858226776
mae: 0.3962702453136444
