mse: 0.32078102231025696
mae: 0.391948401927948
