mse: 0.32014980912208557
mae: 0.3917902410030365
