mse: 0.32117870450019836
mae: 0.39167532324790955
