mse: 0.32910650968551636
mae: 0.39915353059768677
