mse: 0.3209081292152405
mae: 0.3923373222351074
