mse: 0.3212794363498688
mae: 0.39281168580055237
