mse: 0.32194235920906067
mae: 0.3922876715660095
