mse: 0.32125625014305115
mae: 0.3915601670742035
