mse: 0.32743924856185913
mae: 0.39679455757141113
