mse: 0.3229449391365051
mae: 0.3931612968444824
