mse: 0.3230440616607666
mae: 0.3944333493709564
