mse: 0.32785770297050476
mae: 0.40036314725875854
