mse: 0.3203554153442383
mae: 0.3914211094379425
