mse: 0.3428829610347748
mae: 0.41953837871551514
