mse: 0.33012986183166504
mae: 0.3992016017436981
