mse: 0.3194476366043091
mae: 0.3905729651451111
