mse: 0.32110661268234253
mae: 0.3924465775489807
