mse: 0.3331170380115509
mae: 0.407126784324646
