mse: 0.3358031213283539
mae: 0.4049324095249176
