mse: 0.33817818760871887
mae: 0.4067690074443817
