mse: 0.32261794805526733
mae: 0.3935420513153076
