mse: 0.3203539550304413
mae: 0.39182978868484497
