mse: 0.3209521174430847
mae: 0.3919253647327423
