mse: 0.3216295540332794
mae: 0.39312437176704407
