mse: 0.32264426350593567
mae: 0.3928593695163727
