mse: 0.3212680220603943
mae: 0.39276567101478577
