mse: 0.32126283645629883
mae: 0.39279478788375854
