mse: 0.3288927376270294
mae: 0.4019366204738617
