mse: 0.31897595524787903
mae: 0.3905026614665985
