mse: 0.3208489716053009
mae: 0.39211297035217285
