mse: 0.320998877286911
mae: 0.39218655228614807
