mse: 0.3210113048553467
mae: 0.3916369676589966
