mse: 0.3268105387687683
mae: 0.3982680141925812
