mse: 0.3209540843963623
mae: 0.3919230103492737
