mse: 0.3197716176509857
mae: 0.3910163938999176
