mse: 0.32165682315826416
mae: 0.3921639919281006
