mse: 0.32190021872520447
mae: 0.3919249475002289
