mse: 0.3208109140396118
mae: 0.3912310004234314
