mse: 0.32245123386383057
mae: 0.39263859391212463
