mse: 0.3220190107822418
mae: 0.39530885219573975
