mse: 0.3275766670703888
mae: 0.39914944767951965
