mse: 0.3237495720386505
mae: 0.3934537172317505
