mse: 0.3693169355392456
mae: 0.44851863384246826
