mse: 0.3211139738559723
mae: 0.39129820466041565
