mse: 0.32149264216423035
mae: 0.39204761385917664
