mse: 0.3206983804702759
mae: 0.3916653096675873
