mse: 0.3206287920475006
mae: 0.3924928307533264
