mse: 0.32098326086997986
mae: 0.39163967967033386
