mse: 0.3211185932159424
mae: 0.39163002371788025
