mse: 0.32044804096221924
mae: 0.3913751542568207
