mse: 0.3212069869041443
mae: 0.391727477312088
