mse: 0.31911522150039673
mae: 0.3905594050884247
