mse: 0.3210533559322357
mae: 0.39149829745292664
