mse: 0.32133376598358154
mae: 0.39139270782470703
