mse: 0.3293728828430176
mae: 0.40010157227516174
