mse: 0.3212990164756775
mae: 0.3928278386592865
