mse: 0.3202679455280304
mae: 0.3918292224407196
