mse: 0.3232339322566986
mae: 0.3932225704193115
