mse: 0.32091331481933594
mae: 0.39214834570884705
