mse: 0.3204873502254486
mae: 0.39136403799057007
