mse: 0.32068824768066406
mae: 0.3917935788631439
