mse: 0.3189813494682312
mae: 0.3912406861782074
