mse: 0.3211917579174042
mae: 0.3927976191043854
