mse: 0.32098495960235596
mae: 0.3926774263381958
