mse: 0.3186536431312561
mae: 0.39081820845603943
