mse: 0.31993353366851807
mae: 0.3910171389579773
