mse: 0.3194437623023987
mae: 0.39054641127586365
