mse: 0.3208599090576172
mae: 0.3911834955215454
