mse: 0.32747527956962585
mae: 0.3969457149505615
