mse: 0.33389079570770264
mae: 0.40289855003356934
