mse: 0.3240352272987366
mae: 0.3953844904899597
