mse: 0.32092681527137756
mae: 0.39262714982032776
