mse: 0.320663183927536
mae: 0.39256393909454346
