mse: 0.32064566016197205
mae: 0.3924877941608429
