mse: 0.31905853748321533
mae: 0.39037904143333435
