mse: 0.3206179440021515
mae: 0.3913811445236206
