mse: 0.3208506107330322
mae: 0.39141833782196045
