mse: 0.31988757848739624
mae: 0.3912788927555084
