mse: 0.3195640742778778
mae: 0.3905107378959656
