mse: 0.32071858644485474
mae: 0.3918498158454895
