mse: 0.3191010355949402
mae: 0.3906729519367218
