mse: 0.3211030662059784
mae: 0.3924611508846283
