mse: 0.31818196177482605
mae: 0.3900414705276489
