mse: 0.3204992413520813
mae: 0.3919256329536438
