mse: 0.32304567098617554
mae: 0.39308151602745056
