mse: 0.31979185342788696
mae: 0.3909115493297577
