mse: 0.32142072916030884
mae: 0.39192554354667664
