mse: 0.3199089467525482
mae: 0.39041051268577576
