mse: 0.3196446895599365
mae: 0.3912425637245178
