mse: 0.32037532329559326
mae: 0.39161738753318787
