mse: 0.3207111954689026
mae: 0.39254647493362427
