mse: 0.3212219476699829
mae: 0.39275720715522766
