mse: 0.335101455450058
mae: 0.41155657172203064
