mse: 0.3208160102367401
mae: 0.39172419905662537
