mse: 0.32711389660835266
mae: 0.4020193815231323
