mse: 0.33608579635620117
mae: 0.406694233417511
