mse: 0.3209041357040405
mae: 0.3915770947933197
