mse: 0.32121095061302185
mae: 0.3927900493144989
