mse: 0.3209078013896942
mae: 0.3923294246196747
