mse: 0.32026994228363037
mae: 0.3914676904678345
