mse: 0.32124096155166626
mae: 0.392779678106308
