mse: 0.3199595510959625
mae: 0.3908393979072571
