mse: 0.32194215059280396
mae: 0.39319923520088196
