mse: 0.3194005489349365
mae: 0.3908607065677643
