mse: 0.319372296333313
mae: 0.39087367057800293
