mse: 0.3208613395690918
mae: 0.3915901184082031
