mse: 0.32093289494514465
mae: 0.3921496868133545
