mse: 0.3301096260547638
mae: 0.3994266390800476
