mse: 0.32495713233947754
mae: 0.396621972322464
