mse: 0.31947335600852966
mae: 0.3907409608364105
