mse: 0.31865477561950684
mae: 0.3907700181007385
