mse: 0.32066893577575684
mae: 0.3913867175579071
