mse: 0.33484506607055664
mae: 0.4030991196632385
