mse: 0.32054781913757324
mae: 0.39161720871925354
