mse: 0.3326604962348938
mae: 0.40250512957572937
