mse: 0.3247081935405731
mae: 0.39442843198776245
