mse: 0.32246869802474976
mae: 0.3926396071910858
