mse: 0.32001760601997375
mae: 0.3909389078617096
