mse: 0.3209267258644104
mae: 0.3920946717262268
