mse: 0.32070234417915344
mae: 0.39159131050109863
