mse: 0.31978264451026917
mae: 0.3926681876182556
