mse: 0.3240331709384918
mae: 0.3936398923397064
