mse: 0.3186553120613098
mae: 0.3906846046447754
