mse: 0.327644407749176
mae: 0.39689022302627563
