mse: 0.32122960686683655
mae: 0.3927701413631439
