mse: 0.31876522302627563
mae: 0.39040589332580566
