mse: 0.3191968500614166
mae: 0.3917294442653656
