mse: 0.3208821713924408
mae: 0.3918567895889282
