mse: 0.3209342062473297
mae: 0.3915342390537262
