mse: 0.3209092617034912
mae: 0.39190518856048584
