mse: 0.3207924962043762
mae: 0.3916034698486328
