mse: 0.3328797519207001
mae: 0.4016712009906769
