mse: 0.3205261826515198
mae: 0.3916693329811096
