mse: 0.32053714990615845
mae: 0.39130309224128723
