mse: 0.3206988275051117
mae: 0.3919823169708252
