mse: 0.3213162422180176
mae: 0.39192208647727966
