mse: 0.3229663670063019
mae: 0.3936721980571747
