mse: 0.32072964310646057
mae: 0.3917667269706726
