mse: 0.3211109936237335
mae: 0.3927170932292938
