mse: 0.3211882710456848
mae: 0.3927822709083557
