mse: 0.32022953033447266
mae: 0.3917873799800873
