mse: 0.32046574354171753
mae: 0.3912874460220337
