mse: 0.3206990361213684
mae: 0.3925347626209259
