mse: 0.3478289842605591
mae: 0.42515572905540466
