mse: 0.32372817397117615
mae: 0.3935372233390808
