mse: 0.3213328421115875
mae: 0.39162811636924744
