mse: 0.31973832845687866
mae: 0.3909221887588501
