mse: 0.323015034198761
mae: 0.39281633496284485
