mse: 0.32162991166114807
mae: 0.39209046959877014
