mse: 0.3201119005680084
mae: 0.39076945185661316
