mse: 0.3188600242137909
mae: 0.3908573091030121
