mse: 0.32130464911460876
mae: 0.392838716506958
