mse: 0.32077717781066895
mae: 0.3914424479007721
