mse: 0.3218141496181488
mae: 0.394944965839386
