mse: 0.3252015709877014
mae: 0.3946298360824585
