mse: 0.32126450538635254
mae: 0.39286184310913086
