mse: 0.3224760591983795
mae: 0.39331501722335815
