mse: 0.32164719700813293
mae: 0.3917820155620575
