mse: 0.32122692465782166
mae: 0.392822265625
