mse: 0.3282727897167206
mae: 0.39732933044433594
