mse: 0.3207263946533203
mae: 0.3913514018058777
