mse: 0.3203667104244232
mae: 0.3914078176021576
