mse: 0.3211768567562103
mae: 0.39275822043418884
