mse: 0.3203623592853546
mae: 0.3909490704536438
