mse: 0.32090023159980774
mae: 0.3919815123081207
