mse: 0.31999871134757996
mae: 0.3910348415374756
