mse: 0.32438239455223083
mae: 0.3952648341655731
