mse: 0.32273364067077637
mae: 0.3930107057094574
