mse: 0.32109710574150085
mae: 0.39175647497177124
