mse: 0.320950984954834
mae: 0.39123669266700745
