mse: 0.31969550251960754
mae: 0.39037421345710754
