mse: 0.32115837931632996
mae: 0.3927527964115143
