mse: 0.3205409646034241
mae: 0.3933808505535126
