mse: 0.32142552733421326
mae: 0.3916807174682617
