mse: 0.3242250978946686
mae: 0.3957813084125519
