mse: 0.32017403841018677
mae: 0.3912540674209595
