mse: 0.3227967619895935
mae: 0.3927292823791504
