mse: 0.323449969291687
mae: 0.3940679132938385
