mse: 0.3206796944141388
mae: 0.39128389954566956
