mse: 0.32072946429252625
mae: 0.39198940992355347
