mse: 0.32153886556625366
mae: 0.3923393487930298
