mse: 0.32279953360557556
mae: 0.3929653763771057
