mse: 0.3207686245441437
mae: 0.39163973927497864
