mse: 0.3211511969566345
mae: 0.3918270766735077
