mse: 0.32039907574653625
mae: 0.39132487773895264
