mse: 0.3200555443763733
mae: 0.39147821068763733
