mse: 0.3195043206214905
mae: 0.39081448316574097
