mse: 0.3192249834537506
mae: 0.3908653259277344
