mse: 0.32598647475242615
mae: 0.3952071964740753
