mse: 0.32004454731941223
mae: 0.3906239867210388
