mse: 0.32109543681144714
mae: 0.39146339893341064
