mse: 0.3208724856376648
mae: 0.39181920886039734
