mse: 0.31900888681411743
mae: 0.3905342221260071
