mse: 0.32128584384918213
mae: 0.3919433057308197
