mse: 0.3223702907562256
mae: 0.3927902579307556
