mse: 0.3211897611618042
mae: 0.39144712686538696
