mse: 0.3199625611305237
mae: 0.39121854305267334
