mse: 0.3381634056568146
mae: 0.4109577238559723
