mse: 0.3206128776073456
mae: 0.3916536867618561
