mse: 0.32041487097740173
mae: 0.39158180356025696
