mse: 0.3245043158531189
mae: 0.3941746652126312
