mse: 0.32622164487838745
mae: 0.3955988883972168
