mse: 0.3208109438419342
mae: 0.3916320204734802
