mse: 0.3197690546512604
mae: 0.39096972346305847
