mse: 0.32537510991096497
mae: 0.3949858844280243
