mse: 0.3215685188770294
mae: 0.3917582035064697
