mse: 0.3200630247592926
mae: 0.39047756791114807
