mse: 0.3210445046424866
mae: 0.391699880361557
