mse: 0.3198715150356293
mae: 0.3904823660850525
