mse: 0.32101428508758545
mae: 0.3917817771434784
