mse: 0.3397065997123718
mae: 0.41542452573776245
