mse: 0.32050779461860657
mae: 0.39166194200515747
