mse: 0.3216141164302826
mae: 0.3920881748199463
