mse: 0.3191760182380676
mae: 0.3906604051589966
