mse: 0.31936079263687134
mae: 0.39088478684425354
