mse: 0.319357305765152
mae: 0.39049527049064636
