mse: 0.32267794013023376
mae: 0.39275187253952026
