mse: 0.3209623098373413
mae: 0.39214080572128296
