mse: 0.349987268447876
mae: 0.42785415053367615
