mse: 0.32092246413230896
mae: 0.39138445258140564
