mse: 0.32045111060142517
mae: 0.39128464460372925
