mse: 0.3222304880619049
mae: 0.39281800389289856
