mse: 0.3275349736213684
mae: 0.39839595556259155
