mse: 0.32004013657569885
mae: 0.39101165533065796
