mse: 0.31948122382164
mae: 0.3908330202102661
