mse: 0.3198271095752716
mae: 0.3912971317768097
