mse: 0.3238936960697174
mae: 0.39473956823349
