mse: 0.3212745785713196
mae: 0.3928488492965698
