mse: 0.3212495446205139
mae: 0.3928472101688385
