mse: 0.34317177534103394
mae: 0.4116218090057373
