mse: 0.32375794649124146
mae: 0.39419078826904297
