mse: 0.320815771818161
mae: 0.39139196276664734
