mse: 0.321011483669281
mae: 0.39270564913749695
