mse: 0.3206898868083954
mae: 0.39141857624053955
