mse: 0.3197273313999176
mae: 0.3924722671508789
