mse: 0.3312172591686249
mae: 0.40106773376464844
