mse: 0.31852543354034424
mae: 0.3906702995300293
