mse: 0.3202356994152069
mae: 0.39152517914772034
