mse: 0.3206197917461395
mae: 0.3916638493537903
