mse: 0.32009080052375793
mae: 0.39155182242393494
