mse: 0.3192636966705322
mae: 0.39175498485565186
