mse: 0.32237425446510315
mae: 0.39295151829719543
