mse: 0.3192395567893982
mae: 0.39056530594825745
