mse: 0.32072851061820984
mae: 0.3912736177444458
