mse: 0.32786503434181213
mae: 0.40045037865638733
