mse: 0.328659325838089
mae: 0.3986417055130005
