mse: 0.382669061422348
mae: 0.46175479888916016
