mse: 0.320600688457489
mae: 0.39140114188194275
