mse: 0.358195960521698
mae: 0.43700364232063293
