mse: 0.3205426037311554
mae: 0.39189451932907104
