mse: 0.3340715765953064
mae: 0.4029802083969116
