mse: 0.3204703629016876
mae: 0.39117559790611267
