mse: 0.32105448842048645
mae: 0.3924291431903839
