mse: 0.3221454918384552
mae: 0.392287939786911
