mse: 0.32308289408683777
mae: 0.3930574059486389
