mse: 0.32152771949768066
mae: 0.39202362298965454
