mse: 0.3300490379333496
mae: 0.40214428305625916
