mse: 0.31984269618988037
mae: 0.39127930998802185
