mse: 0.3259105980396271
mae: 0.39992570877075195
