mse: 0.31996268033981323
mae: 0.3906780183315277
