mse: 0.32562699913978577
mae: 0.39535555243492126
