mse: 0.32072508335113525
mae: 0.3915480673313141
