mse: 0.32323604822158813
mae: 0.3934671878814697
