mse: 0.3196037709712982
mae: 0.392147421836853
