mse: 0.3194115161895752
mae: 0.39049217104911804
