mse: 0.3248535394668579
mae: 0.39625442028045654
