mse: 0.33253881335258484
mae: 0.4015290141105652
