mse: 0.32371070981025696
mae: 0.39376363158226013
