mse: 0.32967686653137207
mae: 0.40423783659935
