mse: 0.3208981454372406
mae: 0.39160895347595215
