mse: 0.3205771744251251
mae: 0.3911997675895691
