mse: 0.32114872336387634
mae: 0.3915999233722687
