mse: 0.32170379161834717
mae: 0.3921457827091217
