mse: 0.32821616530418396
mae: 0.40119993686676025
