mse: 0.3219919800758362
mae: 0.3925803303718567
