mse: 0.3205016255378723
mae: 0.391141414642334
