mse: 0.3207379877567291
mae: 0.3916071057319641
