mse: 0.32098305225372314
mae: 0.39236244559288025
