mse: 0.32095977663993835
mae: 0.3913635313510895
