mse: 0.3211573660373688
mae: 0.3917228877544403
