mse: 0.3212434947490692
mae: 0.39273801445961
