mse: 0.3189791440963745
mae: 0.39036405086517334
