mse: 0.3213038742542267
mae: 0.3928411900997162
