mse: 0.3223528265953064
mae: 0.3926919102668762
