mse: 0.3246060311794281
mae: 0.3953127861022949
