mse: 0.32145681977272034
mae: 0.39288145303726196
