mse: 0.32315266132354736
mae: 0.39304569363594055
