mse: 0.3206506669521332
mae: 0.392448753118515
