mse: 0.3205587565898895
mae: 0.3911501467227936
