mse: 0.3219990134239197
mae: 0.392104834318161
