mse: 0.3310880959033966
mae: 0.40274953842163086
