mse: 0.32147887349128723
mae: 0.39197197556495667
