mse: 0.3207567036151886
mae: 0.39259451627731323
