mse: 0.33240219950675964
mae: 0.40144047141075134
