mse: 0.3214222490787506
mae: 0.39157038927078247
