mse: 0.32044747471809387
mae: 0.39172789454460144
