mse: 0.3200647830963135
mae: 0.3915409743785858
