mse: 0.32141557335853577
mae: 0.3917388319969177
