mse: 0.32025256752967834
mae: 0.3918064832687378
