mse: 0.3256189227104187
mae: 0.3952603042125702
