mse: 0.32046014070510864
mae: 0.3921501636505127
