mse: 0.32074958086013794
mae: 0.39179402589797974
