mse: 0.3187013864517212
mae: 0.3905563950538635
