mse: 0.3186814486980438
mae: 0.3904149532318115
