mse: 0.32110604643821716
mae: 0.39220955967903137
