mse: 0.3211563527584076
mae: 0.3915424048900604
