mse: 0.33061936497688293
mae: 0.3993619680404663
