mse: 0.3199213147163391
mae: 0.39069437980651855
