mse: 0.32077133655548096
mae: 0.3915250897407532
