mse: 0.3207787871360779
mae: 0.3913062810897827
