mse: 0.32110127806663513
mae: 0.39271029829978943
