mse: 0.32063525915145874
mae: 0.39158597588539124
