mse: 0.3189675807952881
mae: 0.39127498865127563
