mse: 0.3202868103981018
mae: 0.39147019386291504
