mse: 0.3211619555950165
mae: 0.3927624821662903
