mse: 0.32113686203956604
mae: 0.3927386403083801
