mse: 0.31882229447364807
mae: 0.39016154408454895
