mse: 0.31994330883026123
mae: 0.3911598324775696
