mse: 0.3251709043979645
mae: 0.39666441082954407
