mse: 0.31926989555358887
mae: 0.3906189799308777
