mse: 0.32082027196884155
mae: 0.39196497201919556
