mse: 0.3204740583896637
mae: 0.3915780186653137
