mse: 0.32056716084480286
mae: 0.3911328613758087
