mse: 0.32034364342689514
mae: 0.391798734664917
