mse: 0.3210507035255432
mae: 0.39198869466781616
