mse: 0.32422348856925964
mae: 0.39389440417289734
