mse: 0.3208043575286865
mae: 0.39125725626945496
