mse: 0.3209867477416992
mae: 0.39136481285095215
