mse: 0.32079601287841797
mae: 0.39178600907325745
