mse: 0.3198740482330322
mae: 0.39148786664009094
