mse: 0.3193085789680481
mae: 0.39058977365493774
