mse: 0.3207593262195587
mae: 0.391880601644516
