mse: 0.3206591010093689
mae: 0.39169231057167053
