mse: 0.3210145831108093
mae: 0.39124879240989685
