mse: 0.32084786891937256
mae: 0.39146319031715393
