mse: 0.31991565227508545
mae: 0.39145374298095703
