mse: 0.3426731526851654
mae: 0.41102656722068787
