mse: 0.3216421604156494
mae: 0.39191657304763794
