mse: 0.34174996614456177
mae: 0.4102383852005005
