mse: 0.3254922926425934
mae: 0.3950507342815399
