mse: 0.32040998339653015
mae: 0.390969455242157
