mse: 0.31832829117774963
mae: 0.3901660740375519
