mse: 0.31988444924354553
mae: 0.390440434217453
