mse: 0.321079283952713
mae: 0.39147573709487915
