mse: 0.321138858795166
mae: 0.3922235667705536
