mse: 0.32120877504348755
mae: 0.3927744925022125
