mse: 0.3204576075077057
mae: 0.3911985754966736
