mse: 0.32088759541511536
mae: 0.39212051033973694
