mse: 0.32689744234085083
mae: 0.4009712338447571
