mse: 0.34395313262939453
mae: 0.4120698869228363
