mse: 0.3209975063800812
mae: 0.3914903998374939
