mse: 0.3197225034236908
mae: 0.39113849401474
