mse: 0.32116201519966125
mae: 0.3927554190158844
