mse: 0.3206527531147003
mae: 0.39201122522354126
