mse: 0.3212910294532776
mae: 0.3918212354183197
