mse: 0.3237476050853729
mae: 0.3935184180736542
