mse: 0.32292717695236206
mae: 0.3936682939529419
