mse: 0.33673280477523804
mae: 0.40640902519226074
