mse: 0.3198663294315338
mae: 0.39120185375213623
