mse: 0.32067781686782837
mae: 0.39251309633255005
