mse: 0.3203916847705841
mae: 0.391397088766098
