mse: 0.32054564356803894
mae: 0.3917301595211029
