mse: 0.31974777579307556
mae: 0.390415221452713
