mse: 0.32102081179618835
mae: 0.3913712203502655
