mse: 0.3249070346355438
mae: 0.3959432542324066
