mse: 0.32075929641723633
mae: 0.39171937108039856
