mse: 0.32070183753967285
mae: 0.3917420208454132
