mse: 0.3246314525604248
mae: 0.39616191387176514
