mse: 0.32122164964675903
mae: 0.3913455009460449
