mse: 0.3203656077384949
mae: 0.39152804017066956
