mse: 0.3205562233924866
mae: 0.39127418398857117
