mse: 0.32066935300827026
mae: 0.3919376730918884
