mse: 0.3215566873550415
mae: 0.3950583040714264
