mse: 0.3207196593284607
mae: 0.39163458347320557
