mse: 0.32081443071365356
mae: 0.3916071355342865
