mse: 0.3212755620479584
mae: 0.39280036091804504
