mse: 0.3219970762729645
mae: 0.3923364579677582
