mse: 0.32124170660972595
mae: 0.3916328549385071
