mse: 0.3200279772281647
mae: 0.39052605628967285
