mse: 0.32124871015548706
mae: 0.39279282093048096
