mse: 0.320666640996933
mae: 0.39112144708633423
