mse: 0.3213356137275696
mae: 0.392328679561615
