mse: 0.31929561495780945
mae: 0.39077624678611755
