mse: 0.3300567865371704
mae: 0.404604434967041
