mse: 0.32045137882232666
mae: 0.39131277799606323
