mse: 0.31945112347602844
mae: 0.39104777574539185
