mse: 0.32042092084884644
mae: 0.3915134370326996
