mse: 0.32006943225860596
mae: 0.391262024641037
