mse: 0.32074621319770813
mae: 0.39155811071395874
