mse: 0.31809762120246887
mae: 0.3900330066680908
