mse: 0.32003045082092285
mae: 0.39116647839546204
