mse: 0.3186468183994293
mae: 0.3903498351573944
