mse: 0.31905412673950195
mae: 0.3904028534889221
