mse: 0.3207169771194458
mae: 0.39256420731544495
