mse: 0.32317057251930237
mae: 0.39399269223213196
