mse: 0.32783475518226624
mae: 0.3994050621986389
