mse: 0.3242582082748413
mae: 0.3940403461456299
