mse: 0.33440181612968445
mae: 0.403132826089859
