mse: 0.3207639157772064
mae: 0.39385148882865906
