mse: 0.3214114308357239
mae: 0.3920053541660309
