mse: 0.3213278353214264
mae: 0.39173761010169983
