mse: 0.3190537095069885
mae: 0.39049628376960754
