mse: 0.3302566409111023
mae: 0.4023441970348358
