mse: 0.3227138817310333
mae: 0.39418384432792664
