mse: 0.3248532712459564
mae: 0.3991638123989105
