mse: 0.3578161895275116
mae: 0.4363032877445221
