mse: 0.3202996253967285
mae: 0.391380250453949
