mse: 0.3209265172481537
mae: 0.3921690881252289
