mse: 0.32287970185279846
mae: 0.3963872194290161
