mse: 0.3212304413318634
mae: 0.39282944798469543
