mse: 0.32040858268737793
mae: 0.3911019265651703
