mse: 0.32119810581207275
mae: 0.3925006091594696
