mse: 0.3213872015476227
mae: 0.391884982585907
