mse: 0.32160574197769165
mae: 0.3919442296028137
