mse: 0.3197375237941742
mae: 0.39055684208869934
