mse: 0.3205965757369995
mae: 0.3911106586456299
