mse: 0.3210592567920685
mae: 0.39164888858795166
