mse: 0.32119446992874146
mae: 0.39272719621658325
