mse: 0.3205892741680145
mae: 0.39133286476135254
