mse: 0.32773730158805847
mae: 0.39707764983177185
