mse: 0.3262447714805603
mae: 0.39617910981178284
