mse: 0.31977805495262146
mae: 0.3910341262817383
