mse: 0.3213452696800232
mae: 0.3928094208240509
