mse: 0.32090750336647034
mae: 0.3917410671710968
