mse: 0.31838545203208923
mae: 0.39037373661994934
