mse: 0.3200194537639618
mae: 0.39086124300956726
