mse: 0.3201228082180023
mae: 0.3905602991580963
