mse: 0.3201282322406769
mae: 0.39157384634017944
