mse: 0.32065704464912415
mae: 0.3924860954284668
