mse: 0.31855031847953796
mae: 0.3910199701786041
