mse: 0.3345913887023926
mae: 0.40647974610328674
