mse: 0.31960180401802063
mae: 0.3908134400844574
