mse: 0.3217434883117676
mae: 0.39231422543525696
