mse: 0.3245522677898407
mae: 0.3953591585159302
