mse: 0.32546329498291016
mae: 0.395018994808197
