mse: 0.3197622299194336
mae: 0.3904392719268799
