mse: 0.3202298879623413
mae: 0.390728235244751
