mse: 0.32244884967803955
mae: 0.39307376742362976
