mse: 0.31916019320487976
mae: 0.3905099034309387
