mse: 0.32397016882896423
mae: 0.3938412368297577
