mse: 0.324253648519516
mae: 0.3944074213504791
