mse: 0.3275073170661926
mae: 0.3992878198623657
