mse: 0.321056991815567
mae: 0.3922363817691803
