mse: 0.32069700956344604
mae: 0.3913993537425995
