mse: 0.3195364475250244
mae: 0.39068737626075745
