mse: 0.3191831409931183
mae: 0.39132675528526306
