mse: 0.3240528404712677
mae: 0.39421823620796204
