mse: 0.32218244671821594
mae: 0.39294514060020447
