mse: 0.3191649913787842
mae: 0.39068394899368286
