mse: 0.3202909231185913
mae: 0.3914482295513153
