mse: 0.3194960057735443
mae: 0.39048507809638977
