mse: 0.3204585611820221
mae: 0.3913670778274536
