mse: 0.32127809524536133
mae: 0.3916857838630676
