mse: 0.332083135843277
mae: 0.4015246629714966
