mse: 0.3212501108646393
mae: 0.3927900493144989
