mse: 0.32179033756256104
mae: 0.39212241768836975
