mse: 0.34011244773864746
mae: 0.41643911600112915
