mse: 0.3214447796344757
mae: 0.3927319347858429
