mse: 0.33898645639419556
mae: 0.4067842960357666
