mse: 0.32388877868652344
mae: 0.3937712609767914
