mse: 0.32118865847587585
mae: 0.39276525378227234
