mse: 0.3207283914089203
mae: 0.3915996551513672
