mse: 0.32528650760650635
mae: 0.39602065086364746
