mse: 0.319820374250412
mae: 0.3910239636898041
