mse: 0.31895098090171814
mae: 0.3914167881011963
