mse: 0.3224433660507202
mae: 0.39270928502082825
