mse: 0.32951444387435913
mae: 0.3988230228424072
