mse: 0.3202804923057556
mae: 0.3914262652397156
