mse: 0.3208797574043274
mae: 0.3925951421260834
