mse: 0.3272802233695984
mae: 0.39684760570526123
