mse: 0.3223682641983032
mae: 0.3924243152141571
