mse: 0.32068559527397156
mae: 0.3912568986415863
