mse: 0.32830703258514404
mae: 0.3989581763744354
