mse: 0.3320523500442505
mae: 0.4011102020740509
