mse: 0.32456231117248535
mae: 0.39457157254219055
