mse: 0.31875744462013245
mae: 0.3901197910308838
