mse: 0.3280065655708313
mae: 0.39720097184181213
