mse: 0.32999053597450256
mae: 0.4010569155216217
