mse: 0.3191734254360199
mae: 0.3904794752597809
