mse: 0.3208085298538208
mae: 0.3916034996509552
