mse: 0.32614755630493164
mae: 0.39639735221862793
