mse: 0.3212023973464966
mae: 0.3915751576423645
