mse: 0.3209460973739624
mae: 0.3926474452018738
