mse: 0.3209582567214966
mae: 0.39212048053741455
