mse: 0.32406681776046753
mae: 0.3981936275959015
