mse: 0.32099950313568115
mae: 0.3918977379798889
