mse: 0.3212394118309021
mae: 0.3927742540836334
