mse: 0.32050490379333496
mae: 0.39175334572792053
