mse: 0.3251017928123474
mae: 0.396686851978302
