mse: 0.3200536370277405
mae: 0.391031950712204
