mse: 0.31858211755752563
mae: 0.3904350996017456
