mse: 0.3208162188529968
mae: 0.39192312955856323
