mse: 0.32116419076919556
mae: 0.39246177673339844
