mse: 0.3198184072971344
mae: 0.3906364440917969
