mse: 0.3208496868610382
mae: 0.3918914794921875
