mse: 0.32116833329200745
mae: 0.39177703857421875
