mse: 0.32108163833618164
mae: 0.39245349168777466
