mse: 0.32089340686798096
mae: 0.39144182205200195
