mse: 0.3189423680305481
mae: 0.39060354232788086
