mse: 0.32073235511779785
mae: 0.3918617069721222
