mse: 0.3206779658794403
mae: 0.3925132751464844
