mse: 0.32703056931495667
mae: 0.3967151641845703
