mse: 0.32199981808662415
mae: 0.3926083445549011
