mse: 0.32091981172561646
mae: 0.39167726039886475
