mse: 0.3208281397819519
mae: 0.3914402723312378
