mse: 0.32074859738349915
mae: 0.39151179790496826
