mse: 0.3213649094104767
mae: 0.39164578914642334
