mse: 0.3330264389514923
mae: 0.4017435908317566
