mse: 0.3194391131401062
mae: 0.390864759683609
