mse: 0.3238852322101593
mae: 0.39540958404541016
