mse: 0.3210548758506775
mae: 0.3918243944644928
