mse: 0.3226872980594635
mae: 0.39641284942626953
