mse: 0.3210846483707428
mae: 0.39244532585144043
