mse: 0.3253227770328522
mae: 0.3951466977596283
