mse: 0.318306028842926
mae: 0.3901486098766327
