mse: 0.320759654045105
mae: 0.3912268280982971
