mse: 0.3267538845539093
mae: 0.3975015878677368
