mse: 0.33337193727493286
mae: 0.40244507789611816
