mse: 0.3207715153694153
mae: 0.39157652854919434
