mse: 0.3435491621494293
mae: 0.4115912616252899
