mse: 0.31852075457572937
mae: 0.3902181088924408
