mse: 0.3212200105190277
mae: 0.39278969168663025
