mse: 0.326657772064209
mae: 0.398374080657959
