mse: 0.33208006620407104
mae: 0.4061571955680847
