mse: 0.3230028450489044
mae: 0.39340031147003174
