mse: 0.32341623306274414
mae: 0.39338770508766174
