mse: 0.32066217064857483
mae: 0.39367222785949707
