mse: 0.32756662368774414
mae: 0.3970765471458435
