mse: 0.32086074352264404
mae: 0.3921686112880707
