mse: 0.3299582600593567
mae: 0.39932793378829956
