mse: 0.32087215781211853
mae: 0.3914855122566223
