mse: 0.3232540488243103
mae: 0.39346060156822205
