mse: 0.32232919335365295
mae: 0.3931308090686798
