mse: 0.3198277950286865
mae: 0.3909577429294586
