mse: 0.32397395372390747
mae: 0.39526358246803284
