mse: 0.322603702545166
mae: 0.39282283186912537
