mse: 0.34136155247688293
mae: 0.4109002351760864
