mse: 0.32092487812042236
mae: 0.392171174287796
