mse: 0.32070228457450867
mae: 0.392539918422699
