mse: 0.3200356662273407
mae: 0.39064618945121765
