mse: 0.33040255308151245
mae: 0.39969560503959656
