mse: 0.3207678496837616
mae: 0.391437292098999
