mse: 0.3248925507068634
mae: 0.3948022425174713
