mse: 0.3243895471096039
mae: 0.3942849040031433
