mse: 0.32060837745666504
mae: 0.3924611508846283
