mse: 0.32746103405952454
mae: 0.40240079164505005
