mse: 0.3207528293132782
mae: 0.3915238678455353
