mse: 0.3180946111679077
mae: 0.3902644217014313
