mse: 0.31830304861068726
mae: 0.39004775881767273
