mse: 0.3319005072116852
mae: 0.40578871965408325
