mse: 0.337304949760437
mae: 0.406067430973053
