mse: 0.325199693441391
mae: 0.39490994811058044
