mse: 0.3212379217147827
mae: 0.39280015230178833
