mse: 0.3308559060096741
mae: 0.40652477741241455
