mse: 0.31960296630859375
mae: 0.39193758368492126
