mse: 0.3208519518375397
mae: 0.3918316662311554
