mse: 0.3216376006603241
mae: 0.39200833439826965
