mse: 0.31801220774650574
mae: 0.3901591897010803
