mse: 0.3247787356376648
mae: 0.3942502737045288
