mse: 0.33334121108055115
mae: 0.4016984701156616
