mse: 0.32114776968955994
mae: 0.39248064160346985
