mse: 0.3184998631477356
mae: 0.39041903614997864
