mse: 0.33702391386032104
mae: 0.41223081946372986
