mse: 0.3199153542518616
mae: 0.3906796872615814
