mse: 0.33076396584510803
mae: 0.40023013949394226
