mse: 0.3256145715713501
mae: 0.39676153659820557
