mse: 0.32104676961898804
mae: 0.3921669125556946
