mse: 0.31966957449913025
mae: 0.3903874158859253
