mse: 0.3199358880519867
mae: 0.39090922474861145
