mse: 0.32221516966819763
mae: 0.3922010064125061
