mse: 0.3195500373840332
mae: 0.39233824610710144
