mse: 0.32064545154571533
mae: 0.39184144139289856
