mse: 0.3197401762008667
mae: 0.39056357741355896
