mse: 0.31972819566726685
mae: 0.3912414312362671
