mse: 0.32022732496261597
mae: 0.39154571294784546
