mse: 0.32097744941711426
mae: 0.392147958278656
