mse: 0.33379578590393066
mae: 0.40621480345726013
