mse: 0.3209789991378784
mae: 0.39212241768836975
