mse: 0.3215993642807007
mae: 0.39221203327178955
