mse: 0.3206597864627838
mae: 0.39146339893341064
