mse: 0.31998252868652344
mae: 0.39066120982170105
