mse: 0.32069694995880127
mae: 0.39165183901786804
