mse: 0.3210154175758362
mae: 0.3921632170677185
