mse: 0.3211458921432495
mae: 0.392471581697464
