mse: 0.32103389501571655
mae: 0.39152440428733826
