mse: 0.32243654131889343
mae: 0.39259493350982666
