mse: 0.31901344656944275
mae: 0.390564501285553
