mse: 0.32083478569984436
mae: 0.3918156623840332
