mse: 0.3209225833415985
mae: 0.3915499746799469
