mse: 0.3271997272968292
mae: 0.3966882824897766
