mse: 0.32081884145736694
mae: 0.3911992311477661
