mse: 0.3233833611011505
mae: 0.3967943787574768
