mse: 0.3209514319896698
mae: 0.39145711064338684
