mse: 0.32084473967552185
mae: 0.39166259765625
