mse: 0.319963663816452
mae: 0.3907596170902252
