mse: 0.3190843462944031
mae: 0.39048200845718384
