mse: 0.32102134823799133
mae: 0.39188599586486816
