mse: 0.31968820095062256
mae: 0.39095163345336914
