mse: 0.3212457001209259
mae: 0.39277124404907227
