mse: 0.3367443084716797
mae: 0.4085937738418579
