mse: 0.319565087556839
mae: 0.39063674211502075
