mse: 0.3234795928001404
mae: 0.39353659749031067
