mse: 0.33067598938941956
mae: 0.3997134864330292
