mse: 0.32039615511894226
mae: 0.3913957178592682
