mse: 0.32047146558761597
mae: 0.39188292622566223
