mse: 0.32119253277778625
mae: 0.3927346467971802
