mse: 0.3209187388420105
mae: 0.39125606417655945
