mse: 0.3207140266895294
mae: 0.3913993537425995
