mse: 0.32001879811286926
mae: 0.391523540019989
