mse: 0.32342809438705444
mae: 0.3941727876663208
