mse: 0.32071352005004883
mae: 0.3920239210128784
