mse: 0.32153210043907166
mae: 0.39172351360321045
