mse: 0.3298150897026062
mae: 0.39911872148513794
