mse: 0.31814631819725037
mae: 0.3901829123497009
