mse: 0.3208293914794922
mae: 0.39151325821876526
