mse: 0.32070648670196533
mae: 0.3914129137992859
