mse: 0.3202916383743286
mae: 0.3909001648426056
