mse: 0.32006892561912537
mae: 0.391230046749115
