mse: 0.31846532225608826
mae: 0.3901110589504242
