mse: 0.32202836871147156
mae: 0.39229729771614075
