mse: 0.3196573555469513
mae: 0.3909173309803009
