mse: 0.3202546536922455
mae: 0.39142611622810364
