mse: 0.32126909494400024
mae: 0.39282751083374023
