mse: 0.3223663866519928
mae: 0.3924386501312256
