mse: 0.3199908137321472
mae: 0.390871524810791
