mse: 0.32131215929985046
mae: 0.3928177058696747
