mse: 0.31968456506729126
mae: 0.3911498188972473
