mse: 0.3186165988445282
mae: 0.39105600118637085
