mse: 0.3209938704967499
mae: 0.3920494318008423
