mse: 0.3205987215042114
mae: 0.3916698694229126
