mse: 0.32120856642723083
mae: 0.3917102813720703
