mse: 0.33249545097351074
mae: 0.4031641483306885
