mse: 0.32666027545928955
mae: 0.3974720239639282
