mse: 0.32124897837638855
mae: 0.39166584610939026
