mse: 0.3212500512599945
mae: 0.39278486371040344
