mse: 0.32049325108528137
mae: 0.3914779722690582
