mse: 0.3210509419441223
mae: 0.39175620675086975
