mse: 0.3212500214576721
mae: 0.391772598028183
