mse: 0.3301358222961426
mae: 0.3991488218307495
