mse: 0.320242315530777
mae: 0.3914620280265808
