mse: 0.32050275802612305
mae: 0.39216360449790955
