mse: 0.32219019532203674
mae: 0.39235326647758484
