mse: 0.3311369717121124
mae: 0.39990025758743286
