mse: 0.3205872178077698
mae: 0.3914172947406769
