mse: 0.3208003044128418
mae: 0.39148786664009094
