mse: 0.3198041617870331
mae: 0.3903779685497284
