mse: 0.33406221866607666
mae: 0.4092160761356354
