mse: 0.32057812809944153
mae: 0.39163437485694885
