mse: 0.32085469365119934
mae: 0.3918561637401581
