mse: 0.326144278049469
mae: 0.39827877283096313
