mse: 0.3207956552505493
mae: 0.39134132862091064
