mse: 0.3208593428134918
mae: 0.39166387915611267
