mse: 0.32112357020378113
mae: 0.3927290439605713
