mse: 0.3346155285835266
mae: 0.40328481793403625
