mse: 0.3209109604358673
mae: 0.3916497528553009
