mse: 0.32124701142311096
mae: 0.39281824231147766
