mse: 0.32966017723083496
mae: 0.40066343545913696
