mse: 0.3358086347579956
mae: 0.41100576519966125
