mse: 0.3209335207939148
mae: 0.39170968532562256
