mse: 0.32892152667045593
mae: 0.3986288011074066
