mse: 0.32091957330703735
mae: 0.39144930243492126
