mse: 0.3232683837413788
mae: 0.3938654065132141
