mse: 0.3206714689731598
mae: 0.3925411105155945
