mse: 0.3203895390033722
mae: 0.3913416862487793
