mse: 0.3199545443058014
mae: 0.39130327105522156
