mse: 0.31843143701553345
mae: 0.3906470835208893
