mse: 0.31987467408180237
mae: 0.3907615542411804
