mse: 0.32236191630363464
mae: 0.39317309856414795
