mse: 0.3212178647518158
mae: 0.39274904131889343
