mse: 0.320875883102417
mae: 0.39212459325790405
