mse: 0.3208741247653961
mae: 0.3913393020629883
