mse: 0.32017093896865845
mae: 0.3909398019313812
