mse: 0.32123619318008423
mae: 0.3928140699863434
