mse: 0.33985990285873413
mae: 0.40878748893737793
