mse: 0.32051870226860046
mae: 0.39165014028549194
