mse: 0.320020467042923
mae: 0.39141637086868286
