mse: 0.321502149105072
mae: 0.39212557673454285
