mse: 0.32018354535102844
mae: 0.39120277762413025
