mse: 0.32150566577911377
mae: 0.3919256329536438
