mse: 0.32487210631370544
mae: 0.394487589597702
