mse: 0.3198905885219574
mae: 0.391211599111557
