mse: 0.32844486832618713
mae: 0.3981112241744995
