mse: 0.32067176699638367
mae: 0.3911999762058258
