mse: 0.32424473762512207
mae: 0.3978944420814514
