mse: 0.3390500843524933
mae: 0.4074084162712097
