mse: 0.320389986038208
mae: 0.39327144622802734
