mse: 0.3263980746269226
mae: 0.3965327739715576
