mse: 0.3218308389186859
mae: 0.39293599128723145
