mse: 0.3219921588897705
mae: 0.39287593960762024
