mse: 0.32130682468414307
mae: 0.39285728335380554
