mse: 0.32469016313552856
mae: 0.3947179615497589
