mse: 0.31970492005348206
mae: 0.39108145236968994
