mse: 0.3306017816066742
mae: 0.3997405469417572
