mse: 0.33305954933166504
mae: 0.4043949246406555
