mse: 0.3190660774707794
mae: 0.39064380526542664
