mse: 0.3212181031703949
mae: 0.392743855714798
