mse: 0.32211706042289734
mae: 0.3925289213657379
