mse: 0.32288897037506104
mae: 0.39280688762664795
