mse: 0.32088711857795715
mae: 0.3920801877975464
