mse: 0.32046735286712646
mae: 0.3908449411392212
