mse: 0.3264378607273102
mae: 0.39874374866485596
