mse: 0.32065561413764954
mae: 0.3924771845340729
