mse: 0.32128244638442993
mae: 0.39178887009620667
