mse: 0.3234516978263855
mae: 0.3934110701084137
