mse: 0.3253922164440155
mae: 0.39488860964775085
