mse: 0.320549339056015
mae: 0.39201855659484863
