mse: 0.3219689726829529
mae: 0.3925488591194153
