mse: 0.3272673785686493
mae: 0.3987531363964081
