mse: 0.3200128376483917
mae: 0.39108309149742126
