mse: 0.3212842643260956
mae: 0.3927905857563019
