mse: 0.3212853968143463
mae: 0.39281943440437317
