mse: 0.32508111000061035
mae: 0.39476609230041504
