mse: 0.31922343373298645
mae: 0.3906737267971039
