mse: 0.32998600602149963
mae: 0.4020053744316101
