mse: 0.3197478652000427
mae: 0.391009122133255
