mse: 0.31964290142059326
mae: 0.3904937207698822
