mse: 0.34353065490722656
mae: 0.410933256149292
