mse: 0.3235926926136017
mae: 0.3947995901107788
