mse: 0.3387521505355835
mae: 0.4070986807346344
