mse: 0.32398557662963867
mae: 0.39395639300346375
