mse: 0.3214557468891144
mae: 0.3916827142238617
