mse: 0.31958451867103577
mae: 0.3911481201648712
