mse: 0.3211498260498047
mae: 0.39211297035217285
