mse: 0.31894925236701965
mae: 0.390256404876709
