mse: 0.32039692997932434
mae: 0.3917076289653778
