mse: 0.3202691674232483
mae: 0.3911498486995697
