mse: 0.3221105635166168
mae: 0.3926795423030853
