mse: 0.32419198751449585
mae: 0.394836962223053
