mse: 0.3195633888244629
mae: 0.3904946744441986
