mse: 0.3197459876537323
mae: 0.3910788297653198
