mse: 0.3207501471042633
mae: 0.3911871612071991
