mse: 0.3244491517543793
mae: 0.3943723440170288
