mse: 0.3269512951374054
mae: 0.3965557813644409
