mse: 0.32130342721939087
mae: 0.39282408356666565
