mse: 0.3201950192451477
mae: 0.3914759159088135
