mse: 0.32094085216522217
mae: 0.39175310730934143
