mse: 0.3209255337715149
mae: 0.39413756132125854
