mse: 0.32201412320137024
mae: 0.39549386501312256
