mse: 0.32053476572036743
mae: 0.39165133237838745
