mse: 0.3208913505077362
mae: 0.39170798659324646
