mse: 0.3213372230529785
mae: 0.3918810188770294
