mse: 0.3332456946372986
mae: 0.4060121178627014
