mse: 0.3197110891342163
mae: 0.39061278104782104
