mse: 0.3209663927555084
mae: 0.3916662335395813
