mse: 0.32075056433677673
mae: 0.3918167054653168
