mse: 0.3187428414821625
mae: 0.39030975103378296
