mse: 0.32733258605003357
mae: 0.39696967601776123
