mse: 0.31942111253738403
mae: 0.3905162811279297
