mse: 0.33824992179870605
mae: 0.4069722294807434
