mse: 0.3390004634857178
mae: 0.41473764181137085
