mse: 0.32128527760505676
mae: 0.3928520977497101
