mse: 0.6128554344177246
nan_count: 0
mae: 0.5861942768096924
nan_count: 0
