mse: 0.6628073453903198
nan_count: 0
mae: 0.6160022616386414
nan_count: 0
