mse: 0.4114452600479126
nan_count: 0
mae: 0.42695656418800354
nan_count: 0
