mse: 0.3920968174934387
mae: 0.41303977370262146
