mse: 0.4183937609195709
nan_count: 0
mae: 0.4309622347354889
nan_count: 0
