mse: 0.3857611119747162
mae: 0.4040065407752991
