mse: 0.39293912053108215
mae: 0.4168475270271301
