mse: 1.7003200054168701
nan_count: 515
mae: 1.0653023719787598
nan_count: 515
