mse: 0.2042578011751175
nan_count: 1
mae: 0.286892294883728
nan_count: 1
