mse: 0.20018281042575836
nan_count: 1
mae: 0.2843013107776642
nan_count: 1
