mse: 0.2613506615161896
nan_count: 1
mae: 0.34161344170570374
nan_count: 1
