mse: 0.2599986791610718
nan_count: 1
mae: 0.3413980007171631
nan_count: 1
