mse: 0.19451089203357697
nan_count: 1
mae: 0.27910494804382324
nan_count: 1
