mse: 0.18952830135822296
nan_count: 1
mae: 0.2704063653945923
nan_count: 1
