mse: 0.2546631693840027
nan_count: 1
mae: 0.33667293190956116
nan_count: 1
