mse: 0.25990030169487
nan_count: 1
mae: 0.3412841260433197
nan_count: 1
