mse: 0.2057061791419983
nan_count: 1
mae: 0.2897298038005829
nan_count: 1
