mse: 0.20439152419567108
nan_count: 1
mae: 0.28781741857528687
nan_count: 1
