mse: 0.18935240805149078
nan_count: 1
mae: 0.27014368772506714
nan_count: 1
