mse: 0.1893211454153061
nan_count: 1
mae: 0.2700178325176239
nan_count: 1
