mse: 0.18945501744747162
nan_count: 1
mae: 0.270250529050827
nan_count: 1
