mse: 0.26481425762176514
nan_count: 1
mae: 0.34728214144706726
nan_count: 1
