mse: 0.26160216331481934
nan_count: 1
mae: 0.3384658694267273
nan_count: 1
