mse: 0.25218626856803894
nan_count: 1
mae: 0.3314836025238037
nan_count: 1
