mse: 0.2654411196708679
nan_count: 1
mae: 0.3438827395439148
nan_count: 1
