mse: 0.20615209639072418
nan_count: 1
mae: 0.29014167189598083
nan_count: 1
