mse: 0.20396040380001068
nan_count: 1
mae: 0.2886730432510376
nan_count: 1
