mse: 0.25347989797592163
nan_count: 1
mae: 0.3400534391403198
nan_count: 1
