mse: 0.24811643362045288
nan_count: 1
mae: 0.33797740936279297
nan_count: 1
