mse: 0.18930329382419586
nan_count: 1
mae: 0.2700492739677429
nan_count: 1
