mse: 0.18935932219028473
nan_count: 1
mae: 0.27014079689979553
nan_count: 1
