mse: 0.18937353789806366
nan_count: 1
mae: 0.2701145112514496
nan_count: 1
