mse: 0.18928474187850952
nan_count: 1
mae: 0.2701481282711029
nan_count: 1
