mse: 0.18931454420089722
nan_count: 1
mae: 0.2704260051250458
nan_count: 1
