mse: 0.26556849479675293
nan_count: 1
mae: 0.3429551422595978
nan_count: 1
