mse: 0.2557174265384674
nan_count: 1
mae: 0.336710125207901
nan_count: 1
