mse: 0.18947306275367737
nan_count: 1
mae: 0.27018460631370544
nan_count: 1
