mse: 0.2019680142402649
nan_count: 1
mae: 0.28569355607032776
nan_count: 1
