mse: 0.20355594158172607
nan_count: 1
mae: 0.2872398793697357
nan_count: 1
