mse: 0.18928909301757812
nan_count: 1
mae: 0.27004873752593994
nan_count: 1
