mse: 0.20782138407230377
nan_count: 1
mae: 0.2904541790485382
nan_count: 1
