mse: 0.1893022656440735
nan_count: 1
mae: 0.2701895833015442
nan_count: 1
