mse: 0.2537789046764374
nan_count: 1
mae: 0.3342559337615967
nan_count: 1
