mse: 0.20400387048721313
nan_count: 1
mae: 0.2861875891685486
nan_count: 1
