mse: 0.18927150964736938
nan_count: 1
mae: 0.27026310563087463
nan_count: 1
