mse: 0.20802775025367737
nan_count: 1
mae: 0.2907050549983978
nan_count: 1
