mse: 0.2642782926559448
nan_count: 1
mae: 0.3436630964279175
nan_count: 1
