mse: 0.20636770129203796
nan_count: 1
mae: 0.29038721323013306
nan_count: 1
