mse: 0.18931028246879578
nan_count: 1
mae: 0.27045753598213196
nan_count: 1
