mse: 0.20636603236198425
nan_count: 1
mae: 0.2905708849430084
nan_count: 1
