mse: 0.1893676519393921
nan_count: 1
mae: 0.2701021730899811
nan_count: 1
