mse: 0.20829476416110992
nan_count: 1
mae: 0.2920410931110382
nan_count: 1
