mse: 0.20392511785030365
nan_count: 1
mae: 0.28643926978111267
nan_count: 1
