mse: 0.18931904435157776
nan_count: 1
mae: 0.2701612114906311
nan_count: 1
