mse: 0.18876931071281433
nan_count: 1
mae: 0.2695668637752533
nan_count: 1
