mse: 0.20420154929161072
nan_count: 1
mae: 0.28804197907447815
nan_count: 1
