mse: 0.26309406757354736
nan_count: 1
mae: 0.3422645628452301
nan_count: 1
