mse: 0.37626004219055176
mae: 0.4012394845485687
