mse: 1.2321221828460693
nan_count: 5
mae: 0.9067321419715881
nan_count: 5
