mse: 1.1770002841949463
nan_count: 2
mae: 0.8752724528312683
nan_count: 2
