mse: 4.122192859649658
mae: 1.3054304122924805
