mse: 3.1021788120269775
nan_count: 0
mae: 1.1936626434326172
nan_count: 0
