mse: 3.134195327758789
nan_count: 0
mae: 1.1989268064498901
nan_count: 0
