mse: 0.523638129234314
mae: 0.48530322313308716
