mse: 0.2832145094871521
nan_count: 0
mae: 0.38388168811798096
nan_count: 0
