mse: 0.28747472167015076
nan_count: 0
mae: 0.3868708610534668
nan_count: 0
