mse: 0.38006311655044556
nan_count: 0
mae: 0.3967110216617584
nan_count: 0
