mse: 0.7843475341796875
mae: 0.5454537868499756
