mse: 0.37867021560668945
nan_count: 0
mae: 0.3953567147254944
nan_count: 0
