mse: 0.3835265040397644
nan_count: 0
mae: 0.3980904519557953
nan_count: 0
