mse: 0.40578344464302063
mae: 0.4743124842643738
