mse: 1.1131805181503296
nan_count: 0
mae: 0.5998044013977051
nan_count: 0
