mse: 1.1143673658370972
nan_count: 0
mae: 0.6001620292663574
nan_count: 0
