mse: 1.1140316724777222
nan_count: 0
mae: 0.5864420533180237
nan_count: 0
