mse: 1.0069350004196167
nan_count: 0
mae: 0.5425843596458435
nan_count: 0
