mse: 1.0028858184814453
nan_count: 0
mae: 0.5471267104148865
nan_count: 0
