mse: 1.0017491579055786
nan_count: 0
mae: 0.5523383021354675
nan_count: 0
