mse: 1.0050764083862305
nan_count: 0
mae: 0.5435956120491028
nan_count: 0
