mse: 1.0032737255096436
nan_count: 0
mae: 0.5466635823249817
nan_count: 0
