mse: 1.1833373308181763
nan_count: 0
mae: 0.5801257491111755
nan_count: 0
