mse: 1.0299501419067383
nan_count: 0
mae: 0.520936131477356
nan_count: 0
