mse: 1.0157923698425293
nan_count: 0
mae: 0.5362332463264465
nan_count: 0
