mse: 1.001943826675415
nan_count: 0
mae: 0.5506051778793335
nan_count: 0
