mse: 1.0048478841781616
nan_count: 0
mae: 0.5409437417984009
nan_count: 0
