mse: 1.0025237798690796
nan_count: 0
mae: 0.548081636428833
nan_count: 0
