mse: 1.0018680095672607
nan_count: 0
mae: 0.5505350828170776
nan_count: 0
