mse: 1.0034250020980835
nan_count: 0
mae: 0.5486003160476685
nan_count: 0
