mse: 1.0016323328018188
nan_count: 0
mae: 0.5519505143165588
nan_count: 0
