mse: 1.1050587892532349
nan_count: 0
mae: 0.5897850394248962
nan_count: 0
