mse: 1.001500129699707
nan_count: 0
mae: 0.5533469319343567
nan_count: 0
