mse: 1.0054653882980347
nan_count: 0
mae: 0.5398567318916321
nan_count: 0
