mse: 1.0217702388763428
nan_count: 0
mae: 0.5505638718605042
nan_count: 0
