mse: 1.0662461519241333
nan_count: 0
mae: 0.5495429039001465
nan_count: 0
