mse: 1.0570796728134155
nan_count: 0
mae: 0.5382750034332275
nan_count: 0
