mse: 1.0357062816619873
nan_count: 0
mae: 0.5162533521652222
nan_count: 0
