mse: 1.001739263534546
nan_count: 0
mae: 0.5521508455276489
nan_count: 0
