mse: 1.0665125846862793
nan_count: 0
mae: 0.517579197883606
nan_count: 0
