mse: 1.0155308246612549
nan_count: 0
mae: 0.5397893190383911
nan_count: 0
