mse: 1.008994698524475
nan_count: 0
mae: 0.5373023748397827
nan_count: 0
