mse: 1.0531309843063354
nan_count: 0
mae: 0.5271260142326355
nan_count: 0
