mse: 1.0015842914581299
nan_count: 0
mae: 0.5534725785255432
nan_count: 0
