mse: 1.0046297311782837
nan_count: 0
mae: 0.5430163145065308
nan_count: 0
