mse: 1.0235265493392944
nan_count: 0
mae: 0.5357115864753723
nan_count: 0
