mse: 1.0527018308639526
nan_count: 0
mae: 0.5279771685600281
nan_count: 0
