mse: 1.0017253160476685
nan_count: 0
mae: 0.5521610975265503
nan_count: 0
