mse: 1.0070215463638306
nan_count: 0
mae: 0.5426042675971985
nan_count: 0
