mse: 1.1762471199035645
nan_count: 0
mae: 0.5676249265670776
nan_count: 0
