mse: 1.0597124099731445
nan_count: 0
mae: 0.5764127373695374
nan_count: 0
