mse: 1.0142107009887695
nan_count: 0
mae: 0.5378084778785706
nan_count: 0
