mse: 1.0249457359313965
nan_count: 0
mae: 0.521503210067749
nan_count: 0
