mse: 1.1276146173477173
nan_count: 0
mae: 0.5483039617538452
nan_count: 0
