mse: 1.0057957172393799
nan_count: 0
mae: 0.5478114485740662
nan_count: 0
