mse: 1.0029911994934082
nan_count: 0
mae: 0.5495539903640747
nan_count: 0
