mse: 1.0059239864349365
nan_count: 0
mae: 0.5459973812103271
nan_count: 0
