mse: 1.002988576889038
nan_count: 0
mae: 0.5473660230636597
nan_count: 0
