mse: 1.0436086654663086
nan_count: 0
mae: 0.5338998436927795
nan_count: 0
