mse: 1.003913164138794
nan_count: 0
mae: 0.5450431704521179
nan_count: 0
