mse: 1.006592869758606
nan_count: 0
mae: 0.5409443974494934
nan_count: 0
