mse: 1.0584889650344849
nan_count: 0
mae: 0.5439878702163696
nan_count: 0
