mse: 1.0192912817001343
nan_count: 0
mae: 0.5357387661933899
nan_count: 0
