mse: 1.0039910078048706
nan_count: 0
mae: 0.5477848052978516
nan_count: 0
