mse: 1.0018870830535889
nan_count: 0
mae: 0.5505136847496033
nan_count: 0
