mse: 1.0061314105987549
nan_count: 0
mae: 0.5433943867683411
nan_count: 0
