mse: 1.0281039476394653
nan_count: 0
mae: 0.5401613116264343
nan_count: 0
