mse: 1.0348856449127197
nan_count: 0
mae: 0.5338426828384399
nan_count: 0
