mse: 1.0016371011734009
nan_count: 0
mae: 0.5521677732467651
nan_count: 0
