mse: 1.0038175582885742
nan_count: 0
mae: 0.54549640417099
nan_count: 0
