mse: 1.0051121711730957
nan_count: 0
mae: 0.5452226996421814
nan_count: 0
