mse: 1.003447413444519
nan_count: 0
mae: 0.5458284020423889
nan_count: 0
