mse: 1.003035306930542
nan_count: 0
mae: 0.5470480918884277
nan_count: 0
