mse: 1.0021241903305054
nan_count: 0
mae: 0.5492493510246277
nan_count: 0
