mse: 1.002133846282959
nan_count: 0
mae: 0.5492029190063477
nan_count: 0
