mse: 1.003018856048584
nan_count: 0
mae: 0.5477091670036316
nan_count: 0
