mse: 1.0575789213180542
nan_count: 0
mae: 0.5690904259681702
nan_count: 0
