mse: 1.0651443004608154
nan_count: 0
mae: 0.5802127718925476
nan_count: 0
