mse: 1.0156840085983276
nan_count: 0
mae: 0.5380083322525024
nan_count: 0
