mse: 1.100395917892456
nan_count: 0
mae: 0.5497303009033203
nan_count: 0
