mse: 1.0618419647216797
nan_count: 0
mae: 0.5566465258598328
nan_count: 0
