mse: 1.0436954498291016
nan_count: 0
mae: 0.5421066284179688
nan_count: 0
