mse: 1.0050374269485474
nan_count: 0
mae: 0.5456188917160034
nan_count: 0
