mse: 1.090356707572937
nan_count: 0
mae: 0.5433748364448547
nan_count: 0
