mse: 1.0064343214035034
nan_count: 0
mae: 0.5442311763763428
nan_count: 0
