mse: 1.1489992141723633
nan_count: 0
mae: 0.5565711259841919
nan_count: 0
