mse: 1.1427440643310547
nan_count: 0
mae: 0.5423431992530823
nan_count: 0
