mse: 1.0928531885147095
nan_count: 0
mae: 0.5874849557876587
nan_count: 0
