mse: 1.0089259147644043
nan_count: 0
mae: 0.5405999422073364
nan_count: 0
