mse: 1.0277740955352783
nan_count: 0
mae: 0.5324555039405823
nan_count: 0
