mse: 1.001726508140564
nan_count: 0
mae: 0.5521353483200073
nan_count: 0
