mse: 1.002436637878418
nan_count: 0
mae: 0.5478370785713196
nan_count: 0
