mse: 1.1994773149490356
nan_count: 0
mae: 0.6273309588432312
nan_count: 0
