mse: 1.1615267992019653
nan_count: 0
mae: 0.5582734942436218
nan_count: 0
