mse: 1.0179194211959839
nan_count: 0
mae: 0.5355825424194336
nan_count: 0
