mse: 1.0067704916000366
nan_count: 0
mae: 0.5451784133911133
nan_count: 0
