mse: 1.0273444652557373
nan_count: 0
mae: 0.5217139720916748
nan_count: 0
