mse: 1.0042647123336792
nan_count: 0
mae: 0.5444142818450928
nan_count: 0
