mse: 1.002203106880188
nan_count: 0
mae: 0.5495465993881226
nan_count: 0
