mse: 1.041834831237793
nan_count: 0
mae: 0.5169230699539185
nan_count: 0
