mse: 1.0381823778152466
nan_count: 0
mae: 0.5384602546691895
nan_count: 0
