mse: 1.0243099927902222
nan_count: 0
mae: 0.5227524638175964
nan_count: 0
