mse: 1.0015053749084473
nan_count: 0
mae: 0.5534200668334961
nan_count: 0
