mse: 1.0338947772979736
nan_count: 0
mae: 0.5210716128349304
nan_count: 0
