mse: 1.0049500465393066
nan_count: 0
mae: 0.5428667068481445
nan_count: 0
