mse: 1.092054009437561
nan_count: 0
mae: 0.5364670157432556
nan_count: 0
