mse: 1.0360172986984253
nan_count: 0
mae: 0.5175708532333374
nan_count: 0
