mse: 1.0021138191223145
nan_count: 0
mae: 0.549130916595459
nan_count: 0
