mse: 1.001515507698059
nan_count: 0
mae: 0.553398847579956
nan_count: 0
