mse: 1.001458764076233
nan_count: 0
mae: 0.5534036755561829
nan_count: 0
