mse: 1.0050232410430908
nan_count: 0
mae: 0.541534423828125
nan_count: 0
