mse: 1.0060429573059082
nan_count: 0
mae: 0.5433551073074341
nan_count: 0
