mse: 1.0915056467056274
nan_count: 0
mae: 0.5498685836791992
nan_count: 0
