mse: 1.0030250549316406
nan_count: 0
mae: 0.5473915934562683
nan_count: 0
