mse: 1.0100133419036865
nan_count: 0
mae: 0.5403236150741577
nan_count: 0
