mse: 1.01296865940094
nan_count: 0
mae: 0.5379360914230347
nan_count: 0
