mse: 1.0047446489334106
nan_count: 0
mae: 0.5433509945869446
nan_count: 0
