mse: 1.104683756828308
nan_count: 0
mae: 0.5591942071914673
nan_count: 0
