mse: 1.0047428607940674
nan_count: 0
mae: 0.5447494387626648
nan_count: 0
