mse: 1.0310300588607788
nan_count: 0
mae: 0.5212817788124084
nan_count: 0
