mse: 1.0149080753326416
nan_count: 0
mae: 0.5381897687911987
nan_count: 0
