mse: 1.0091770887374878
nan_count: 0
mae: 0.5375460386276245
nan_count: 0
