mse: 1.006427526473999
nan_count: 0
mae: 0.5439907908439636
nan_count: 0
