mse: 1.0016546249389648
nan_count: 0
mae: 0.5519477128982544
nan_count: 0
