mse: 1.0056029558181763
nan_count: 0
mae: 0.5412206053733826
nan_count: 0
