mse: 1.0014758110046387
nan_count: 0
mae: 0.5533596277236938
nan_count: 0
