mse: 1.0058945417404175
nan_count: 0
mae: 0.5449568629264832
nan_count: 0
