mse: 1.005899429321289
nan_count: 0
mae: 0.541822612285614
nan_count: 0
