mse: 1.0214767456054688
nan_count: 0
mae: 0.5403865575790405
nan_count: 0
