mse: 1.004049301147461
nan_count: 0
mae: 0.5478402376174927
nan_count: 0
