mse: 1.0159345865249634
nan_count: 0
mae: 0.5296275019645691
nan_count: 0
