mse: 1.022253155708313
nan_count: 0
mae: 0.5345137119293213
nan_count: 0
