mse: 1.002539873123169
nan_count: 0
mae: 0.548166036605835
nan_count: 0
