mse: 1.006238341331482
nan_count: 0
mae: 0.5398191809654236
nan_count: 0
