mse: 1.051849603652954
nan_count: 0
mae: 0.5402078628540039
nan_count: 0
