mse: 1.0193283557891846
nan_count: 0
mae: 0.5384005308151245
nan_count: 0
