mse: 1.1234991550445557
nan_count: 0
mae: 0.5575684905052185
nan_count: 0
