mse: 1.0025408267974854
nan_count: 0
mae: 0.5483723282814026
nan_count: 0
