mse: 1.0222750902175903
nan_count: 0
mae: 0.5312516093254089
nan_count: 0
