mse: 1.0210870504379272
nan_count: 0
mae: 0.5240723490715027
nan_count: 0
