mse: 1.2420750856399536
nan_count: 0
mae: 0.6408928632736206
nan_count: 0
