mse: 1.0041180849075317
nan_count: 0
mae: 0.5483624339103699
nan_count: 0
