mse: 1.0016288757324219
nan_count: 0
mae: 0.5519734621047974
nan_count: 0
