mse: 1.0057933330535889
nan_count: 0
mae: 0.5415229797363281
nan_count: 0
