mse: 1.001635193824768
nan_count: 0
mae: 0.5520067811012268
nan_count: 0
