mse: 1.0376558303833008
nan_count: 0
mae: 0.5379894375801086
nan_count: 0
