mse: 1.0032161474227905
nan_count: 0
mae: 0.5462247729301453
nan_count: 0
