mse: 1.0031414031982422
nan_count: 0
mae: 0.5467946529388428
nan_count: 0
