mse: 1.0132440328598022
nan_count: 0
mae: 0.5374467372894287
nan_count: 0
