mse: 1.0051440000534058
nan_count: 0
mae: 0.5432539582252502
nan_count: 0
