mse: 1.0295778512954712
nan_count: 0
mae: 0.537408173084259
nan_count: 0
