mse: 1.0016525983810425
nan_count: 0
mae: 0.5519831776618958
nan_count: 0
