mse: 1.0444272756576538
nan_count: 0
mae: 0.5195401906967163
nan_count: 0
