mse: 1.0020792484283447
nan_count: 0
mae: 0.5490294098854065
nan_count: 0
