mse: 1.003048062324524
nan_count: 0
mae: 0.5471740961074829
nan_count: 0
