mse: 1.0034812688827515
nan_count: 0
mae: 0.5476099252700806
nan_count: 0
