mse: 1.017727255821228
nan_count: 0
mae: 0.5352306365966797
nan_count: 0
