mse: 1.0031414031982422
nan_count: 0
mae: 0.5459296703338623
nan_count: 0
