mse: 1.002350091934204
nan_count: 0
mae: 0.5475925803184509
nan_count: 0
