mse: 1.030935525894165
nan_count: 0
mae: 0.5375730991363525
nan_count: 0
