mse: 1.0613644123077393
nan_count: 0
mae: 0.5156651735305786
nan_count: 0
