mse: 1.00262451171875
nan_count: 0
mae: 0.5482337474822998
nan_count: 0
