mse: 1.0040098428726196
nan_count: 0
mae: 0.5453742742538452
nan_count: 0
