mse: 1.0056160688400269
nan_count: 0
mae: 0.5443618893623352
nan_count: 0
