mse: 1.1476370096206665
nan_count: 0
mae: 0.5528143644332886
nan_count: 0
