mse: 1.0025123357772827
nan_count: 0
mae: 0.5485450625419617
nan_count: 0
