mse: 1.0056719779968262
nan_count: 0
mae: 0.5406111478805542
nan_count: 0
