mse: 1.033311128616333
nan_count: 0
mae: 0.5217671990394592
nan_count: 0
