mse: 1.003675103187561
nan_count: 0
mae: 0.5467620491981506
nan_count: 0
