mse: 1.0212123394012451
nan_count: 0
mae: 0.5359934568405151
nan_count: 0
