mse: 1.0052821636199951
nan_count: 0
mae: 0.5467612743377686
nan_count: 0
