mse: 1.0411961078643799
nan_count: 0
mae: 0.5517934560775757
nan_count: 0
