mse: 1.0326833724975586
nan_count: 0
mae: 0.5446423888206482
nan_count: 0
