mse: 1.0147833824157715
nan_count: 0
mae: 0.5433695912361145
nan_count: 0
