mse: 1.0472612380981445
nan_count: 0
mae: 0.540635347366333
nan_count: 0
