mse: 1.0537803173065186
nan_count: 0
mae: 0.5350325107574463
nan_count: 0
