mse: 1.0054912567138672
nan_count: 0
mae: 0.5428211688995361
nan_count: 0
