mse: 1.032997727394104
nan_count: 0
mae: 0.5180515646934509
nan_count: 0
