mse: 1.0338550806045532
nan_count: 0
mae: 0.5283423662185669
nan_count: 0
