mse: 1.013332486152649
nan_count: 0
mae: 0.5290361642837524
nan_count: 0
