mse: 1.0019184350967407
nan_count: 0
mae: 0.5502125024795532
nan_count: 0
