mse: 1.1401997804641724
nan_count: 0
mae: 0.5411018133163452
nan_count: 0
