mse: 1.0261186361312866
nan_count: 0
mae: 0.5226902961730957
nan_count: 0
