mse: 1.020019292831421
nan_count: 0
mae: 0.5377228260040283
nan_count: 0
