mse: 1.0030356645584106
nan_count: 0
mae: 0.5459820628166199
nan_count: 0
