mse: 1.0090960264205933
nan_count: 0
mae: 0.5371366739273071
nan_count: 0
