mse: 1.0043832063674927
nan_count: 0
mae: 0.546229898929596
nan_count: 0
