mse: 1.001862645149231
nan_count: 0
mae: 0.5504963994026184
nan_count: 0
