mse: 1.0841354131698608
nan_count: 0
mae: 0.5372306108474731
nan_count: 0
