mse: 1.2017475366592407
nan_count: 0
mae: 0.5803497433662415
nan_count: 0
