mse: 1.0020579099655151
nan_count: 0
mae: 0.5510759949684143
nan_count: 0
