mse: 1.0325818061828613
nan_count: 0
mae: 0.5236515998840332
nan_count: 0
