mse: 1.0152571201324463
nan_count: 0
mae: 0.5289976000785828
nan_count: 0
