mse: 1.0021775960922241
nan_count: 0
mae: 0.5492671728134155
nan_count: 0
