mse: 1.0100895166397095
nan_count: 0
mae: 0.5398372411727905
nan_count: 0
