mse: 1.0022677183151245
nan_count: 0
mae: 0.5512787103652954
nan_count: 0
