mse: 1.1324208974838257
nan_count: 0
mae: 0.617641270160675
nan_count: 0
