mse: 1.0018932819366455
nan_count: 0
mae: 0.550551176071167
nan_count: 0
