mse: 1.024980902671814
nan_count: 0
mae: 0.5369228720664978
nan_count: 0
