mse: 1.0549120903015137
nan_count: 0
mae: 0.5335535407066345
nan_count: 0
