mse: 1.130623698234558
nan_count: 0
mae: 0.5391707420349121
nan_count: 0
