mse: 1.0327790975570679
nan_count: 0
mae: 0.5162215232849121
nan_count: 0
