mse: 1.0034023523330688
nan_count: 0
mae: 0.54659503698349
nan_count: 0
