mse: 1.065907597541809
nan_count: 0
mae: 0.5515593886375427
nan_count: 0
