mse: 1.031585454940796
nan_count: 0
mae: 0.5362179279327393
nan_count: 0
