mse: 1.0062916278839111
nan_count: 0
mae: 0.5469335913658142
nan_count: 0
