mse: 1.0016714334487915
nan_count: 0
mae: 0.5518854856491089
nan_count: 0
