mse: 1.1636720895767212
nan_count: 0
mae: 0.5619872808456421
nan_count: 0
