mse: 1.0015186071395874
nan_count: 0
mae: 0.5533888936042786
nan_count: 0
