mse: 1.0059469938278198
nan_count: 0
mae: 0.541885256767273
nan_count: 0
