mse: 1.113783836364746
nan_count: 0
mae: 0.5490316152572632
nan_count: 0
