mse: 1.003076195716858
nan_count: 0
mae: 0.5457474589347839
nan_count: 0
