mse: 1.0129303932189941
nan_count: 0
mae: 0.534878134727478
nan_count: 0
