mse: 1.020667314529419
nan_count: 0
mae: 0.5290138721466064
nan_count: 0
