mse: 1.0046802759170532
nan_count: 0
mae: 0.5475500226020813
nan_count: 0
