mse: 1.0067296028137207
nan_count: 0
mae: 0.5447558164596558
nan_count: 0
