mse: 1.046568512916565
nan_count: 0
mae: 0.5660234689712524
nan_count: 0
