mse: 1.0203098058700562
nan_count: 0
mae: 0.5214939117431641
nan_count: 0
