mse: 1.004851222038269
nan_count: 0
mae: 0.5453300476074219
nan_count: 0
