mse: 1.0518447160720825
nan_count: 0
mae: 0.5264455676078796
nan_count: 0
