mse: 1.0750761032104492
nan_count: 0
mae: 0.5384727120399475
nan_count: 0
