mse: 1.086680293083191
nan_count: 0
mae: 0.5537866950035095
nan_count: 0
