mse: 1.030847430229187
nan_count: 0
mae: 0.5539108514785767
nan_count: 0
