mse: 1.1336371898651123
nan_count: 0
mae: 0.6018348932266235
nan_count: 0
