mse: 1.0091270208358765
nan_count: 0
mae: 0.5382378101348877
nan_count: 0
