mse: 1.001469373703003
nan_count: 0
mae: 0.5534072518348694
nan_count: 0
