mse: 1.004673957824707
nan_count: 0
mae: 0.5448065996170044
nan_count: 0
