mse: 1.0033833980560303
nan_count: 0
mae: 0.5460017323493958
nan_count: 0
