mse: 1.006240725517273
nan_count: 0
mae: 0.5437729358673096
nan_count: 0
