mse: 1.0015028715133667
nan_count: 0
mae: 0.5534414052963257
nan_count: 0
