mse: 1.079000473022461
nan_count: 0
mae: 0.5211498737335205
nan_count: 0
