mse: 1.001638650894165
nan_count: 0
mae: 0.5520418882369995
nan_count: 0
