mse: 1.0192595720291138
nan_count: 0
mae: 0.51978600025177
nan_count: 0
