mse: 1.0949665307998657
nan_count: 0
mae: 0.5412628650665283
nan_count: 0
