mse: 1.0067901611328125
nan_count: 0
mae: 0.5416525602340698
nan_count: 0
