mse: 1.074692726135254
nan_count: 0
mae: 0.5767689943313599
nan_count: 0
