mse: 1.0189443826675415
nan_count: 0
mae: 0.5381298065185547
nan_count: 0
