mse: 1.1517846584320068
nan_count: 0
mae: 0.5547088384628296
nan_count: 0
