mse: 1.0434701442718506
nan_count: 0
mae: 0.5508145689964294
nan_count: 0
