mse: 1.046892523765564
nan_count: 0
mae: 0.5411480069160461
nan_count: 0
