mse: 1.002846598625183
nan_count: 0
mae: 0.5473823547363281
nan_count: 0
