mse: 1.0114308595657349
nan_count: 0
mae: 0.5323562026023865
nan_count: 0
