mse: 1.0056120157241821
nan_count: 0
mae: 0.5417916774749756
nan_count: 0
