mse: 1.0050116777420044
nan_count: 0
mae: 0.5362710952758789
nan_count: 0
