mse: 1.110276222229004
nan_count: 0
mae: 0.5328397750854492
nan_count: 0
