mse: 1.040575385093689
nan_count: 0
mae: 0.5149361491203308
nan_count: 0
