mse: 1.0016790628433228
nan_count: 0
mae: 0.5519313812255859
nan_count: 0
