mse: 1.0033167600631714
nan_count: 0
mae: 0.5465580821037292
nan_count: 0
