mse: 1.0026061534881592
nan_count: 0
mae: 0.5484965443611145
nan_count: 0
