mse: 1.1315064430236816
nan_count: 0
mae: 0.5464253425598145
nan_count: 0
