mse: 1.183097243309021
nan_count: 0
mae: 0.5689318776130676
nan_count: 0
