mse: 1.0034407377243042
nan_count: 0
mae: 0.547834575176239
nan_count: 0
