mse: 1.030701756477356
nan_count: 0
mae: 0.5372322201728821
nan_count: 0
