mse: 1.001489281654358
nan_count: 0
mae: 0.5534508228302002
nan_count: 0
