mse: 1.0034457445144653
nan_count: 0
mae: 0.5459052920341492
nan_count: 0
