mse: 1.0154494047164917
nan_count: 0
mae: 0.5373774766921997
nan_count: 0
