mse: 1.0222523212432861
nan_count: 0
mae: 0.5221542119979858
nan_count: 0
