mse: 1.0015462636947632
nan_count: 0
mae: 0.5534301400184631
nan_count: 0
