mse: 1.0232125520706177
nan_count: 0
mae: 0.5202983617782593
nan_count: 0
