mse: 1.0038303136825562
nan_count: 0
mae: 0.5450709462165833
nan_count: 0
