mse: 1.0296547412872314
nan_count: 0
mae: 0.5369119644165039
nan_count: 0
