mse: 1.0902388095855713
nan_count: 0
mae: 0.5789039731025696
nan_count: 0
