mse: 1.0016709566116333
nan_count: 0
mae: 0.552136242389679
nan_count: 0
