mse: 1.0030688047409058
nan_count: 0
mae: 0.5457675457000732
nan_count: 0
