mse: 1.0019522905349731
nan_count: 0
mae: 0.5508702397346497
nan_count: 0
