mse: 1.0067588090896606
nan_count: 0
mae: 0.5446919798851013
nan_count: 0
