mse: 1.0568658113479614
nan_count: 0
mae: 0.5266825556755066
nan_count: 0
