mse: 1.006555199623108
nan_count: 0
mae: 0.5403563380241394
nan_count: 0
