mse: 1.002630591392517
nan_count: 0
mae: 0.547074019908905
nan_count: 0
