mse: 1.0028482675552368
nan_count: 0
mae: 0.5466998219490051
nan_count: 0
