mse: 1.0218358039855957
nan_count: 0
mae: 0.5369112491607666
nan_count: 0
