mse: 1.0143605470657349
nan_count: 0
mae: 0.5371609330177307
nan_count: 0
