mse: 1.0019794702529907
nan_count: 0
mae: 0.5502080321311951
nan_count: 0
