mse: 1.002072811126709
nan_count: 0
mae: 0.5491005778312683
nan_count: 0
