mse: 1.0033522844314575
nan_count: 0
mae: 0.5460370779037476
nan_count: 0
