mse: 1.0136419534683228
nan_count: 0
mae: 0.5383729338645935
nan_count: 0
