mse: 1.0310269594192505
nan_count: 0
mae: 0.5373128056526184
nan_count: 0
