mse: 1.0018439292907715
nan_count: 0
mae: 0.5500392913818359
nan_count: 0
