mse: 1.0547540187835693
nan_count: 0
mae: 0.520857036113739
nan_count: 0
