mse: 1.0030039548873901
nan_count: 0
mae: 0.5460482239723206
nan_count: 0
