mse: 1.0047283172607422
nan_count: 0
mae: 0.5454015731811523
nan_count: 0
