mse: 1.0558280944824219
nan_count: 0
mae: 0.5337976217269897
nan_count: 0
