mse: 1.0028680562973022
nan_count: 0
mae: 0.5456846952438354
nan_count: 0
