mse: 1.021702766418457
nan_count: 0
mae: 0.5275056958198547
nan_count: 0
