mse: 1.0053225755691528
nan_count: 0
mae: 0.5436840653419495
nan_count: 0
