mse: 1.002976894378662
nan_count: 0
mae: 0.5470737218856812
nan_count: 0
