mse: 1.0024328231811523
nan_count: 0
mae: 0.5477223992347717
nan_count: 0
