mse: 1.0544105768203735
nan_count: 0
mae: 0.5152867436408997
nan_count: 0
