mse: 1.0062843561172485
nan_count: 0
mae: 0.5433491468429565
nan_count: 0
