mse: 1.045676827430725
nan_count: 0
mae: 0.5442852973937988
nan_count: 0
