mse: 1.0062150955200195
nan_count: 0
mae: 0.5434527397155762
nan_count: 0
