mse: 1.0503829717636108
nan_count: 0
mae: 0.5361348986625671
nan_count: 0
