mse: 1.0133335590362549
nan_count: 0
mae: 0.5364409685134888
nan_count: 0
