mse: 1.0294032096862793
nan_count: 0
mae: 0.5190848112106323
nan_count: 0
