mse: 1.002230167388916
nan_count: 0
mae: 0.5496346354484558
nan_count: 0
