mse: 1.0019397735595703
nan_count: 0
mae: 0.5501444339752197
nan_count: 0
