mse: 1.0214483737945557
nan_count: 0
mae: 0.5373327136039734
nan_count: 0
