mse: 1.001577377319336
nan_count: 0
mae: 0.5517532825469971
nan_count: 0
