mse: 1.001951813697815
nan_count: 0
mae: 0.5500161051750183
nan_count: 0
