mse: 1.0765461921691895
nan_count: 0
mae: 0.5313190817832947
nan_count: 0
