mse: 1.032815933227539
nan_count: 0
mae: 0.5180285573005676
nan_count: 0
