mse: 1.0174071788787842
nan_count: 0
mae: 0.5391560792922974
nan_count: 0
