mse: 1.0040315389633179
nan_count: 0
mae: 0.545168399810791
nan_count: 0
