mse: 1.0207054615020752
nan_count: 0
mae: 0.5320603847503662
nan_count: 0
