mse: 1.0016672611236572
nan_count: 0
mae: 0.5519909262657166
nan_count: 0
