mse: 1.006460189819336
nan_count: 0
mae: 0.5472580790519714
nan_count: 0
