mse: 1.0071536302566528
nan_count: 0
mae: 0.54258793592453
nan_count: 0
