mse: 1.0283912420272827
nan_count: 0
mae: 0.5403892993927002
nan_count: 0
