mse: 1.0016440153121948
nan_count: 0
mae: 0.5519483685493469
nan_count: 0
