mse: 1.0049749612808228
nan_count: 0
mae: 0.5450381636619568
nan_count: 0
