mse: 1.0018229484558105
nan_count: 0
mae: 0.550589919090271
nan_count: 0
