mse: 1.002769112586975
nan_count: 0
mae: 0.5490670800209045
nan_count: 0
