mse: 1.1538324356079102
nan_count: 0
mae: 0.56915682554245
nan_count: 0
