mse: 1.0016058683395386
nan_count: 0
mae: 0.5517653226852417
nan_count: 0
