mse: 1.0056854486465454
nan_count: 0
mae: 0.5417963862419128
nan_count: 0
