mse: 1.181592345237732
nan_count: 0
mae: 0.5681514739990234
nan_count: 0
