mse: 1.003496527671814
nan_count: 0
mae: 0.5461402535438538
nan_count: 0
