mse: 1.0016404390335083
nan_count: 0
mae: 0.5518045425415039
nan_count: 0
