mse: 1.002053141593933
nan_count: 0
mae: 0.5511347651481628
nan_count: 0
