mse: 1.0015069246292114
nan_count: 0
mae: 0.5534107685089111
nan_count: 0
