mse: 1.049166202545166
nan_count: 0
mae: 0.5433551073074341
nan_count: 0
