mse: 1.0019097328186035
nan_count: 0
mae: 0.550050675868988
nan_count: 0
