mse: 1.124498724937439
nan_count: 0
mae: 0.5492025017738342
nan_count: 0
