mse: 1.1637444496154785
nan_count: 0
mae: 0.5753192901611328
nan_count: 0
