mse: 1.0458601713180542
nan_count: 0
mae: 0.5170720815658569
nan_count: 0
