mse: 1.0797044038772583
nan_count: 0
mae: 0.5419319272041321
nan_count: 0
