mse: 1.004844307899475
nan_count: 0
mae: 0.5479053258895874
nan_count: 0
