mse: 1.0021133422851562
nan_count: 0
mae: 0.549132227897644
nan_count: 0
