mse: 1.014586329460144
nan_count: 0
mae: 0.5367072224617004
nan_count: 0
