mse: 1.005679726600647
nan_count: 0
mae: 0.5415260195732117
nan_count: 0
