mse: 1.0268690586090088
nan_count: 0
mae: 0.5291107296943665
nan_count: 0
