mse: 1.0020356178283691
nan_count: 0
mae: 0.5507593750953674
nan_count: 0
