mse: 1.1399015188217163
nan_count: 0
mae: 0.5456849932670593
nan_count: 0
