mse: 1.0029878616333008
nan_count: 0
mae: 0.5470476150512695
nan_count: 0
