mse: 1.0022659301757812
nan_count: 0
mae: 0.5497298240661621
nan_count: 0
