mse: 1.0016772747039795
nan_count: 0
mae: 0.551930844783783
nan_count: 0
