mse: 1.001768708229065
nan_count: 0
mae: 0.552186906337738
nan_count: 0
