mse: 1.001928448677063
nan_count: 0
mae: 0.5503391623497009
nan_count: 0
