mse: 1.016748070716858
nan_count: 0
mae: 0.5486955046653748
nan_count: 0
