mse: 1.0184874534606934
nan_count: 0
mae: 0.5208757519721985
nan_count: 0
