mse: 1.2367910146713257
nan_count: 0
mae: 0.6462276577949524
nan_count: 0
