mse: 1.00209379196167
nan_count: 0
mae: 0.5495686531066895
nan_count: 0
