mse: 1.1660146713256836
nan_count: 0
mae: 0.6152948141098022
nan_count: 0
