mse: 1.0066910982131958
nan_count: 0
mae: 0.5417428016662598
nan_count: 0
