mse: 1.1549307107925415
nan_count: 0
mae: 0.6225611567497253
nan_count: 0
