mse: 1.0717555284500122
nan_count: 0
mae: 0.5624005198478699
nan_count: 0
