mse: 1.0037001371383667
nan_count: 0
mae: 0.5479241013526917
nan_count: 0
