mse: 1.0311379432678223
nan_count: 0
mae: 0.5208315253257751
nan_count: 0
