mse: 1.2045879364013672
nan_count: 0
mae: 0.6419209837913513
nan_count: 0
