mse: 1.0023958683013916
nan_count: 0
mae: 0.547780454158783
nan_count: 0
