mse: 1.0019015073776245
nan_count: 0
mae: 0.5506068468093872
nan_count: 0
