mse: 1.0144931077957153
nan_count: 0
mae: 0.5368593335151672
nan_count: 0
