mse: 1.0073655843734741
nan_count: 0
mae: 0.5435170531272888
nan_count: 0
