mse: 1.001820683479309
nan_count: 0
mae: 0.5501056909561157
nan_count: 0
