mse: 1.0024607181549072
nan_count: 0
mae: 0.5476782321929932
nan_count: 0
