mse: 1.0017876625061035
nan_count: 0
mae: 0.5525234937667847
nan_count: 0
