mse: 1.1554834842681885
nan_count: 0
mae: 0.5510959029197693
nan_count: 0
