mse: 1.003833293914795
nan_count: 0
mae: 0.54477858543396
nan_count: 0
