mse: 1.0766725540161133
nan_count: 0
mae: 0.518057644367218
nan_count: 0
