mse: 1.0058828592300415
nan_count: 0
mae: 0.5459015369415283
nan_count: 0
