mse: 1.0210574865341187
nan_count: 0
mae: 0.5395257472991943
nan_count: 0
