mse: 1.0046480894088745
nan_count: 0
mae: 0.5468632578849792
nan_count: 0
