mse: 1.0040758848190308
nan_count: 0
mae: 0.5439812541007996
nan_count: 0
