mse: 1.0029855966567993
nan_count: 0
mae: 0.5460408329963684
nan_count: 0
