mse: 1.2568504810333252
nan_count: 0
mae: 0.6501537561416626
nan_count: 0
