mse: 1.0029189586639404
nan_count: 0
mae: 0.5462906956672668
nan_count: 0
