mse: 1.0329667329788208
nan_count: 0
mae: 0.5193280577659607
nan_count: 0
