mse: 1.0912232398986816
nan_count: 0
mae: 0.55242919921875
nan_count: 0
