mse: 1.0591576099395752
nan_count: 0
mae: 0.5716374516487122
nan_count: 0
