mse: 1.0029977560043335
nan_count: 0
mae: 0.5471817255020142
nan_count: 0
