mse: 1.0036795139312744
nan_count: 0
mae: 0.5419771075248718
nan_count: 0
