mse: 1.017142415046692
nan_count: 0
mae: 0.5385227799415588
nan_count: 0
