mse: 1.0346415042877197
nan_count: 0
mae: 0.518349289894104
nan_count: 0
