mse: 1.0023720264434814
nan_count: 0
mae: 0.5539270043373108
nan_count: 0
