mse: 1.005751371383667
nan_count: 0
mae: 0.5416139960289001
nan_count: 0
