mse: 1.0058149099349976
nan_count: 0
mae: 0.545234739780426
nan_count: 0
