mse: 1.002227783203125
nan_count: 0
mae: 0.5494634509086609
nan_count: 0
