mse: 1.00163733959198
nan_count: 0
mae: 0.5520168542861938
nan_count: 0
