mse: 1.0742526054382324
nan_count: 0
mae: 0.5633078217506409
nan_count: 0
