mse: 1.0243074893951416
nan_count: 0
mae: 0.5349454283714294
nan_count: 0
