mse: 1.1031099557876587
nan_count: 0
mae: 0.5413832068443298
nan_count: 0
