mse: 1.0054751634597778
nan_count: 0
mae: 0.547173023223877
nan_count: 0
