mse: 1.0019348859786987
nan_count: 0
mae: 0.5502538084983826
nan_count: 0
