mse: 1.0147274732589722
nan_count: 0
mae: 0.538200318813324
nan_count: 0
