mse: 1.044067621231079
nan_count: 0
mae: 0.5250716209411621
nan_count: 0
