mse: 1.0156774520874023
nan_count: 0
mae: 0.5378044843673706
nan_count: 0
