mse: 1.0295333862304688
nan_count: 0
mae: 0.5535927414894104
nan_count: 0
