mse: 1.0757887363433838
nan_count: 0
mae: 0.5773411989212036
nan_count: 0
