mse: 1.0475512742996216
nan_count: 0
mae: 0.5713762640953064
nan_count: 0
