mse: 1.0019139051437378
nan_count: 0
mae: 0.5507644414901733
nan_count: 0
