mse: 1.15049409866333
nan_count: 0
mae: 0.5729667544364929
nan_count: 0
