mse: 1.0096091032028198
nan_count: 0
mae: 0.5385319590568542
nan_count: 0
