mse: 1.0576446056365967
nan_count: 0
mae: 0.5525914430618286
nan_count: 0
