mse: 1.0153340101242065
nan_count: 0
mae: 0.5373122096061707
nan_count: 0
