mse: 1.1631718873977661
nan_count: 0
mae: 0.5651382803916931
nan_count: 0
