mse: 1.0030529499053955
nan_count: 0
mae: 0.546990692615509
nan_count: 0
