mse: 1.0233436822891235
nan_count: 0
mae: 0.5360807776451111
nan_count: 0
