mse: 1.0329203605651855
nan_count: 0
mae: 0.518588125705719
nan_count: 0
