mse: 1.084647297859192
nan_count: 0
mae: 0.5382418632507324
nan_count: 0
