mse: 1.0039933919906616
nan_count: 0
mae: 0.545271635055542
nan_count: 0
