mse: 1.0016865730285645
nan_count: 0
mae: 0.5519641637802124
nan_count: 0
