mse: 1.27178156375885
nan_count: 0
mae: 0.6812010407447815
nan_count: 0
