mse: 1.0070942640304565
nan_count: 0
mae: 0.54233717918396
nan_count: 0
