mse: 1.0018905401229858
nan_count: 0
mae: 0.550616443157196
nan_count: 0
