mse: 1.0020220279693604
nan_count: 0
mae: 0.5507382154464722
nan_count: 0
