mse: 1.0627814531326294
nan_count: 0
mae: 0.5570440888404846
nan_count: 0
