mse: 1.0067540407180786
nan_count: 0
mae: 0.5451928377151489
nan_count: 0
