mse: 1.005799412727356
nan_count: 0
mae: 0.5450273752212524
nan_count: 0
