mse: 1.0292589664459229
nan_count: 0
mae: 0.5371997952461243
nan_count: 0
