mse: 1.0336260795593262
nan_count: 0
mae: 0.5423713326454163
nan_count: 0
