mse: 1.0199681520462036
nan_count: 0
mae: 0.5217188596725464
nan_count: 0
