mse: 1.005723476409912
nan_count: 0
mae: 0.5424168109893799
nan_count: 0
