mse: 1.0701583623886108
nan_count: 0
mae: 0.532010018825531
nan_count: 0
