mse: 1.061083197593689
nan_count: 0
mae: 0.5198881030082703
nan_count: 0
