mse: 1.0014944076538086
nan_count: 0
mae: 0.5533480048179626
nan_count: 0
