mse: 1.005239486694336
nan_count: 0
mae: 0.543778657913208
nan_count: 0
