mse: 1.0700265169143677
nan_count: 0
mae: 0.5414300560951233
nan_count: 0
