mse: 1.0150039196014404
nan_count: 0
mae: 0.5368741154670715
nan_count: 0
