mse: 1.0066916942596436
nan_count: 0
mae: 0.5407074093818665
nan_count: 0
