mse: 1.1112834215164185
nan_count: 0
mae: 0.5291394591331482
nan_count: 0
