mse: 1.086998701095581
nan_count: 0
mae: 0.5226832032203674
nan_count: 0
