mse: 1.0044050216674805
nan_count: 0
mae: 0.5462004542350769
nan_count: 0
