mse: 1.043200969696045
nan_count: 0
mae: 0.5161210298538208
nan_count: 0
