mse: 1.068358302116394
nan_count: 0
mae: 0.5182086825370789
nan_count: 0
