mse: 1.0393749475479126
nan_count: 0
mae: 0.534530758857727
nan_count: 0
