mse: 1.0725722312927246
nan_count: 0
mae: 0.5311950445175171
nan_count: 0
