mse: 1.0901561975479126
nan_count: 0
mae: 0.5425905585289001
nan_count: 0
