mse: 1.0026309490203857
nan_count: 0
mae: 0.5481902956962585
nan_count: 0
