mse: 1.0135557651519775
nan_count: 0
mae: 0.5347834229469299
nan_count: 0
