mse: 1.00182044506073
nan_count: 0
mae: 0.5498937368392944
nan_count: 0
