mse: 1.1248477697372437
nan_count: 0
mae: 0.5428211092948914
nan_count: 0
