mse: 1.1031043529510498
nan_count: 0
mae: 0.5343090295791626
nan_count: 0
