mse: 1.0017056465148926
nan_count: 0
mae: 0.5520082712173462
nan_count: 0
