mse: 1.002224087715149
nan_count: 0
mae: 0.5493804812431335
nan_count: 0
