mse: 1.0434343814849854
nan_count: 0
mae: 0.5342799425125122
nan_count: 0
