mse: 1.102138876914978
nan_count: 0
mae: 0.5380170941352844
nan_count: 0
