mse: 1.0018295049667358
nan_count: 0
mae: 0.5508581399917603
nan_count: 0
