mse: 1.0235875844955444
nan_count: 0
mae: 0.5380387902259827
nan_count: 0
