mse: 1.0018503665924072
nan_count: 0
mae: 0.5506271123886108
nan_count: 0
