mse: 1.0037267208099365
nan_count: 0
mae: 0.5469614267349243
nan_count: 0
