mse: 1.0066770315170288
nan_count: 0
mae: 0.5402177572250366
nan_count: 0
