mse: 1.1182584762573242
nan_count: 0
mae: 0.5307492017745972
nan_count: 0
