mse: 1.0051822662353516
nan_count: 0
mae: 0.546087920665741
nan_count: 0
