mse: 1.0033849477767944
nan_count: 0
mae: 0.5474698543548584
nan_count: 0
