mse: 1.0092010498046875
nan_count: 0
mae: 0.5374732613563538
nan_count: 0
