mse: 1.0034388303756714
nan_count: 0
mae: 0.5457695722579956
nan_count: 0
