mse: 1.0564630031585693
nan_count: 0
mae: 0.545775830745697
nan_count: 0
