mse: 1.0092546939849854
nan_count: 0
mae: 0.5374294519424438
nan_count: 0
