mse: 1.0031840801239014
nan_count: 0
mae: 0.5479851961135864
nan_count: 0
