mse: 1.0058122873306274
nan_count: 0
mae: 0.5422037243843079
nan_count: 0
