mse: 1.002221703529358
nan_count: 0
mae: 0.5497507452964783
nan_count: 0
