mse: 1.0049914121627808
nan_count: 0
mae: 0.5452482104301453
nan_count: 0
