mse: 1.08182692527771
nan_count: 0
mae: 0.5512307286262512
nan_count: 0
