mse: 1.0065371990203857
nan_count: 0
mae: 0.5443406105041504
nan_count: 0
