mse: 1.1507943868637085
nan_count: 0
mae: 0.561908483505249
nan_count: 0
