mse: 1.2027841806411743
nan_count: 0
mae: 0.5825234651565552
nan_count: 0
