mse: 1.1810067892074585
nan_count: 0
mae: 0.5776219964027405
nan_count: 0
