mse: 1.0028204917907715
nan_count: 0
mae: 0.5466087460517883
nan_count: 0
