mse: 1.0058512687683105
nan_count: 0
mae: 0.5454055666923523
nan_count: 0
