mse: 1.0103647708892822
nan_count: 0
mae: 0.5410981178283691
nan_count: 0
