mse: 1.054581880569458
nan_count: 0
mae: 0.5287437438964844
nan_count: 0
