mse: 1.0564038753509521
nan_count: 0
mae: 0.5293617248535156
nan_count: 0
