mse: 1.0245471000671387
nan_count: 0
mae: 0.534300684928894
nan_count: 0
