mse: 1.1667139530181885
nan_count: 0
mae: 0.5775589942932129
nan_count: 0
