mse: 1.0235193967819214
nan_count: 0
mae: 0.5384266376495361
nan_count: 0
