mse: 1.0023435354232788
nan_count: 0
mae: 0.548312246799469
nan_count: 0
