mse: 1.0448180437088013
nan_count: 0
mae: 0.5219154357910156
nan_count: 0
