mse: 1.0015318393707275
nan_count: 0
mae: 0.5533671975135803
nan_count: 0
