mse: 1.1390126943588257
nan_count: 0
mae: 0.5658985376358032
nan_count: 0
