mse: 1.0216431617736816
nan_count: 0
mae: 0.5367839336395264
nan_count: 0
