mse: 1.0440305471420288
nan_count: 0
mae: 0.5285046696662903
nan_count: 0
