mse: 1.0033025741577148
nan_count: 0
mae: 0.5456399917602539
nan_count: 0
