mse: 1.0489522218704224
nan_count: 0
mae: 0.5150119662284851
nan_count: 0
