mse: 1.066598892211914
nan_count: 0
mae: 0.5726117491722107
nan_count: 0
