mse: 1.0874320268630981
nan_count: 0
mae: 0.5386117696762085
nan_count: 0
