mse: 1.0587395429611206
nan_count: 0
mae: 0.5150183439254761
nan_count: 0
