mse: 1.0631245374679565
nan_count: 0
mae: 0.5792466402053833
nan_count: 0
