mse: 1.0016820430755615
nan_count: 0
mae: 0.552007257938385
nan_count: 0
