mse: 1.0044589042663574
nan_count: 0
mae: 0.5463393926620483
nan_count: 0
