mse: 1.0070174932479858
nan_count: 0
mae: 0.5464009642601013
nan_count: 0
