mse: 1.0129079818725586
nan_count: 0
mae: 0.5368978977203369
nan_count: 0
