mse: 1.0045617818832397
nan_count: 0
mae: 0.5443712472915649
nan_count: 0
