mse: 1.0705348253250122
nan_count: 0
mae: 0.576593816280365
nan_count: 0
