mse: 1.0757423639297485
nan_count: 0
mae: 0.5322349667549133
nan_count: 0
