mse: 1.0511963367462158
nan_count: 0
mae: 0.5397420525550842
nan_count: 0
