mse: 1.0023599863052368
nan_count: 0
mae: 0.5499035120010376
nan_count: 0
