mse: 1.0087006092071533
nan_count: 0
mae: 0.5409348607063293
nan_count: 0
