mse: 1.0049980878829956
nan_count: 0
mae: 0.5455535650253296
nan_count: 0
