mse: 1.009837031364441
nan_count: 0
mae: 0.539499044418335
nan_count: 0
