mse: 1.0015666484832764
nan_count: 0
mae: 0.5519411563873291
nan_count: 0
