mse: 1.0269473791122437
nan_count: 0
mae: 0.5288049578666687
nan_count: 0
