mse: 1.0019199848175049
nan_count: 0
mae: 0.5506040453910828
nan_count: 0
