mse: 1.0278980731964111
nan_count: 0
mae: 0.540214478969574
nan_count: 0
