mse: 1.0474618673324585
nan_count: 0
mae: 0.5433483123779297
nan_count: 0
