mse: 1.1181031465530396
nan_count: 0
mae: 0.5453197956085205
nan_count: 0
