mse: 1.073030710220337
nan_count: 0
mae: 0.5836633443832397
nan_count: 0
