mse: 1.1685537099838257
nan_count: 0
mae: 0.5667811632156372
nan_count: 0
