mse: 1.00184166431427
nan_count: 0
mae: 0.5499544143676758
nan_count: 0
