mse: 1.0130373239517212
nan_count: 0
mae: 0.5321305990219116
nan_count: 0
