mse: 1.0103042125701904
nan_count: 0
mae: 0.540870189666748
nan_count: 0
