mse: 1.0592535734176636
nan_count: 0
mae: 0.5374000072479248
nan_count: 0
