mse: 1.059924840927124
nan_count: 0
mae: 0.540128767490387
nan_count: 0
