mse: 1.0807163715362549
nan_count: 0
mae: 0.5790236592292786
nan_count: 0
