mse: 1.0061886310577393
nan_count: 0
mae: 0.543904721736908
nan_count: 0
