mse: 1.033855676651001
nan_count: 0
mae: 0.5319452881813049
nan_count: 0
