mse: 1.0030373334884644
nan_count: 0
mae: 0.5459708571434021
nan_count: 0
