mse: 1.023970365524292
nan_count: 0
mae: 0.5367231369018555
nan_count: 0
