mse: 1.0018311738967896
nan_count: 0
mae: 0.5506206750869751
nan_count: 0
