mse: 1.001711130142212
nan_count: 0
mae: 0.5520129203796387
nan_count: 0
