mse: 1.001650094985962
nan_count: 0
mae: 0.5518763661384583
nan_count: 0
