mse: 1.01394784450531
nan_count: 0
mae: 0.5342022776603699
nan_count: 0
