mse: 1.0421267747879028
nan_count: 0
mae: 0.5345377922058105
nan_count: 0
