mse: 1.03158700466156
nan_count: 0
mae: 0.5193942189216614
nan_count: 0
