mse: 1.0018333196640015
nan_count: 0
mae: 0.5501488447189331
nan_count: 0
