mse: 1.0333670377731323
nan_count: 0
mae: 0.5200808048248291
nan_count: 0
