mse: 1.0018346309661865
nan_count: 0
mae: 0.550330638885498
nan_count: 0
