mse: 1.0014725923538208
nan_count: 0
mae: 0.5534430146217346
nan_count: 0
