mse: 1.0023447275161743
nan_count: 0
mae: 0.549980640411377
nan_count: 0
