mse: 1.001665472984314
nan_count: 0
mae: 0.5519225597381592
nan_count: 0
