mse: 1.0051534175872803
nan_count: 0
mae: 0.5427932739257812
nan_count: 0
