mse: 1.0091066360473633
nan_count: 0
mae: 0.5361025929450989
nan_count: 0
