mse: 1.0055896043777466
nan_count: 0
mae: 0.5416771769523621
nan_count: 0
