mse: 1.015376329421997
nan_count: 0
mae: 0.539007842540741
nan_count: 0
