mse: 1.006286859512329
nan_count: 0
mae: 0.542819619178772
nan_count: 0
