mse: 1.0133482217788696
nan_count: 0
mae: 0.5383797883987427
nan_count: 0
