mse: 1.0131491422653198
nan_count: 0
mae: 0.5384299755096436
nan_count: 0
