mse: 1.0274484157562256
nan_count: 0
mae: 0.5323690176010132
nan_count: 0
