mse: 1.004249095916748
nan_count: 0
mae: 0.5455825924873352
nan_count: 0
