mse: 1.0015915632247925
nan_count: 0
mae: 0.5534477829933167
nan_count: 0
