mse: 1.0067936182022095
nan_count: 0
mae: 0.5415265560150146
nan_count: 0
