mse: 1.0015915632247925
nan_count: 0
mae: 0.5519459843635559
nan_count: 0
