mse: 1.038581132888794
nan_count: 0
mae: 0.5284087061882019
nan_count: 0
