mse: 1.034132957458496
nan_count: 0
mae: 0.5157505869865417
nan_count: 0
