mse: 1.0056078433990479
nan_count: 0
mae: 0.5415872931480408
nan_count: 0
