mse: 1.0037994384765625
nan_count: 0
mae: 0.5465166568756104
nan_count: 0
