mse: 1.0446045398712158
nan_count: 0
mae: 0.5220274329185486
nan_count: 0
