mse: 1.0034034252166748
nan_count: 0
mae: 0.5456708669662476
nan_count: 0
