mse: 1.097523808479309
nan_count: 0
mae: 0.532741129398346
nan_count: 0
