mse: 1.002975344657898
nan_count: 0
mae: 0.5461896061897278
nan_count: 0
