mse: 1.0407776832580566
nan_count: 0
mae: 0.5139211416244507
nan_count: 0
