mse: 1.0026664733886719
nan_count: 0
mae: 0.5488383769989014
nan_count: 0
