mse: 1.0167139768600464
nan_count: 0
mae: 0.5395015478134155
nan_count: 0
