mse: 1.0016508102416992
nan_count: 0
mae: 0.5520229339599609
nan_count: 0
