mse: 1.0315958261489868
nan_count: 0
mae: 0.5417444109916687
nan_count: 0
