mse: 1.003625512123108
nan_count: 0
mae: 0.5450902581214905
nan_count: 0
