mse: 2.990281343460083
mae: 1.0742360353469849
