mse: 2.990386962890625
mae: 1.0760687589645386
