mse: 3.034146785736084
mae: 1.0900460481643677
