mse: 3.0488762855529785
mae: 1.095580816268921
