mse: 3.0470376014709473
mae: 1.0950078964233398
