mse: 3.0451343059539795
mae: 1.0946818590164185
