mse: 2.9833359718322754
mae: 1.0736645460128784
