mse: 2.9795048236846924
mae: 1.071250319480896
