mse: 3.0314042568206787
mae: 1.0897798538208008
