mse: 2.997873544692993
mae: 1.080582857131958
