mse: 2.9896583557128906
mae: 1.0740987062454224
