mse: 2.9752421379089355
mae: 1.0686087608337402
