mse: 2.9883885383605957
mae: 1.0741891860961914
