mse: 3.000176191329956
mae: 1.0803611278533936
