mse: 2.98698091506958
mae: 1.0760360956192017
