mse: 2.986945629119873
mae: 1.0747029781341553
