mse: 3.0616848468780518
mae: 1.1003497838974
