mse: 3.029604434967041
mae: 1.0881041288375854
