mse: 3.043921709060669
mae: 1.0933537483215332
