mse: 3.010345220565796
mae: 1.080357551574707
