mse: 3.0181939601898193
mae: 1.0864847898483276
