mse: 3.0544261932373047
mae: 1.0977203845977783
