mse: 2.9952707290649414
mae: 1.0784950256347656
