mse: 2.9914560317993164
mae: 1.0777581930160522
