mse: 2.9936602115631104
mae: 1.0765305757522583
