mse: 3.0368001461029053
mae: 1.0921214818954468
