mse: 3.0376999378204346
mae: 1.0925508737564087
