mse: 2.9949440956115723
mae: 1.0773518085479736
