mse: 3.0540194511413574
mae: 1.0976303815841675
