mse: 3.0045809745788574
mae: 1.0799891948699951
