mse: 3.0619966983795166
mae: 1.1004343032836914
