mse: 3.0335562229156494
mae: 1.0899409055709839
