mse: 3.0269596576690674
mae: 1.08912193775177
