mse: 2.9927380084991455
mae: 1.0747411251068115
