mse: 3.009443521499634
mae: 1.0814628601074219
