mse: 3.020568370819092
mae: 1.0855295658111572
