mse: 3.0307531356811523
mae: 1.0889827013015747
