mse: 3.0261220932006836
mae: 1.0870925188064575
