mse: 2.955110788345337
mae: 1.06090247631073
