mse: 3.031006097793579
mae: 1.0891889333724976
