mse: 3.0188510417938232
mae: 1.084389328956604
