mse: 3.0466198921203613
mae: 1.0952227115631104
