mse: 2.9804270267486572
mae: 1.0715354681015015
