mse: 2.9649269580841064
mae: 1.0645419359207153
