mse: 2.975560188293457
mae: 1.0723872184753418
