mse: 2.98290753364563
mae: 1.074802279472351
