mse: 3.019284963607788
mae: 1.084547758102417
