mse: 2.992687940597534
mae: 1.0774941444396973
