mse: 3.045865297317505
mae: 1.0947301387786865
