mse: 3.0422170162200928
mae: 1.093859314918518
