mse: 3.0032598972320557
mae: 1.0804591178894043
