mse: 3.0003743171691895
mae: 1.0798985958099365
