mse: 3.0564653873443604
mae: 1.0983641147613525
