mse: 3.0489277839660645
mae: 1.0956398248672485
