mse: 3.0541651248931885
mae: 1.097851276397705
