mse: 3.025265693664551
mae: 1.087001085281372
