mse: 2.9789669513702393
mae: 1.0713722705841064
