mse: 3.0126192569732666
mae: 1.0829499959945679
