mse: 3.049562931060791
mae: 1.0956124067306519
