mse: 3.005507469177246
mae: 1.0795878171920776
