mse: 3.045835018157959
mae: 1.0949223041534424
