mse: 2.998063802719116
mae: 1.078791618347168
