mse: 3.006967544555664
mae: 1.081958293914795
