mse: 2.9977779388427734
mae: 1.0771952867507935
