mse: 3.062199115753174
mae: 1.1004884243011475
