mse: 2.987095832824707
mae: 1.0749708414077759
