mse: 2.9972548484802246
mae: 1.0765849351882935
