mse: 3.0029852390289307
mae: 1.0796856880187988
