mse: 3.007504940032959
mae: 1.083574652671814
