mse: 2.97841477394104
mae: 1.0731122493743896
