mse: 2.9710044860839844
mae: 1.0719741582870483
