mse: 3.0188164710998535
mae: 1.08685302734375
