mse: 3.046830415725708
mae: 1.095004677772522
