mse: 3.0156426429748535
mae: 1.0826027393341064
