mse: 3.0540387630462646
mae: 1.0976287126541138
