mse: 3.0619585514068604
mae: 1.1004866361618042
