mse: 3.055659532546997
mae: 1.0981419086456299
