mse: 3.0558502674102783
mae: 1.098318099975586
