mse: 3.009779214859009
mae: 1.083569884300232
