mse: 2.9440038204193115
mae: 1.0567699670791626
