mse: 3.06319522857666
mae: 1.1007667779922485
