mse: 3.014320135116577
mae: 1.0831654071807861
