mse: 3.0431556701660156
mae: 1.0931320190429688
