mse: 3.0628676414489746
mae: 1.100782871246338
