mse: 3.04189133644104
mae: 1.0929614305496216
