mse: 3.0131311416625977
mae: 1.082322597503662
