mse: 3.0436837673187256
mae: 1.0934131145477295
