mse: 3.0107951164245605
mae: 1.083003282546997
