mse: 3.030008554458618
mae: 1.0893386602401733
