mse: 3.049860954284668
mae: 1.0958625078201294
