mse: 2.994638442993164
mae: 1.0749067068099976
