mse: 3.0069901943206787
mae: 1.0799860954284668
