mse: 3.0500025749206543
mae: 1.0957505702972412
