mse: 3.0505728721618652
mae: 1.096946120262146
