mse: 3.013932704925537
mae: 1.0841615200042725
