mse: 3.039806365966797
mae: 1.0924912691116333
