mse: 3.058995485305786
mae: 1.0995465517044067
