mse: 3.0544869899749756
mae: 1.0978305339813232
