mse: 3.0136377811431885
mae: 1.0840394496917725
