mse: 3.012260913848877
mae: 1.0821309089660645
