mse: 3.042133092880249
mae: 1.0939329862594604
