mse: 2.9875152111053467
mae: 1.0730774402618408
