mse: 3.0343172550201416
mae: 1.0900110006332397
