mse: 3.027620553970337
mae: 1.0888127088546753
