mse: 3.0559241771698
mae: 1.0981100797653198
