mse: 3.0409092903137207
mae: 1.0930547714233398
