mse: 3.016763687133789
mae: 1.0834978818893433
