mse: 3.0099518299102783
mae: 1.0881775617599487
