mse: 3.0213747024536133
mae: 1.0860471725463867
