mse: 3.0122337341308594
mae: 1.083434820175171
