mse: 3.0616729259490967
mae: 1.1003481149673462
