mse: 3.0621535778045654
mae: 1.1004451513290405
