mse: 2.9969043731689453
mae: 1.0771234035491943
