mse: 2.9627318382263184
mae: 1.0692538022994995
