mse: 2.9942145347595215
mae: 1.0774513483047485
