mse: 3.0196611881256104
mae: 1.0861303806304932
