mse: 3.018550395965576
mae: 1.0857795476913452
