mse: 3.0626320838928223
mae: 1.100663661956787
