mse: 3.0467417240142822
mae: 1.0953583717346191
