mse: 3.0278165340423584
mae: 1.0886856317520142
