mse: 3.055086135864258
mae: 1.0980685949325562
