mse: 2.995838165283203
mae: 1.0770213603973389
