mse: 3.0460782051086426
mae: 1.0948513746261597
