mse: 3.0059986114501953
mae: 1.0815174579620361
