mse: 3.02011775970459
mae: 1.086250901222229
