mse: 3.008790969848633
mae: 1.0807456970214844
