mse: 3.0165226459503174
mae: 1.0857863426208496
