mse: 3.0232720375061035
mae: 1.0852028131484985
