mse: 2.977727174758911
mae: 1.0718352794647217
