mse: 2.986532211303711
mae: 1.074028491973877
