mse: 2.998175621032715
mae: 1.0770478248596191
