mse: 3.0289194583892822
mae: 1.0876394510269165
