mse: 2.978959083557129
mae: 1.0722824335098267
