mse: 3.0076401233673096
mae: 1.0829439163208008
