mse: 3.022186517715454
mae: 1.0868256092071533
