mse: 3.025829553604126
mae: 1.0871258974075317
