mse: 2.98026442527771
mae: 1.0747687816619873
