mse: 3.030614137649536
mae: 1.090462327003479
