mse: 3.0637130737304688
mae: 1.1010628938674927
