mse: 3.039219617843628
mae: 1.0923895835876465
