mse: 3.020253896713257
mae: 1.0858923196792603
