mse: 3.0142037868499756
mae: 1.0831657648086548
