mse: 3.035066604614258
mae: 1.091347575187683
