mse: 3.061246633529663
mae: 1.1002990007400513
