mse: 3.0492660999298096
mae: 1.095548152923584
