mse: 3.0366275310516357
mae: 1.0906270742416382
