mse: 3.0629117488861084
mae: 1.1008671522140503
