mse: 3.0338735580444336
mae: 1.0904031991958618
