mse: 3.0203022956848145
mae: 1.0847243070602417
