mse: 3.0027787685394287
mae: 1.0776474475860596
