mse: 2.9969213008880615
mae: 1.0761982202529907
