mse: 3.0021915435791016
mae: 1.0784664154052734
