mse: 3.035839319229126
mae: 1.0902179479599
