mse: 3.0532822608947754
mae: 1.0975353717803955
