mse: 3.0051236152648926
mae: 1.0799776315689087
