mse: 3.001145124435425
mae: 1.0808908939361572
