mse: 2.9881272315979004
mae: 1.0741698741912842
