mse: 3.052278995513916
mae: 1.0973186492919922
