mse: 3.011887550354004
mae: 1.0819131135940552
