mse: 3.038679838180542
mae: 1.0925310850143433
