mse: 3.049666166305542
mae: 1.096154808998108
