mse: 3.0302810668945312
mae: 1.0891395807266235
