mse: 3.06292986869812
mae: 1.1008177995681763
