mse: 3.0230050086975098
mae: 1.0857943296432495
