mse: 3.0012712478637695
mae: 1.0776478052139282
