mse: 3.061213970184326
mae: 1.1001787185668945
