mse: 3.0547993183135986
mae: 1.0978517532348633
