mse: 3.04286527633667
mae: 1.0930864810943604
