mse: 3.004730224609375
mae: 1.0792213678359985
