mse: 3.0214366912841797
mae: 1.0860776901245117
