mse: 2.989805221557617
mae: 1.077860713005066
