mse: 3.039750576019287
mae: 1.0924700498580933
