mse: 3.055440664291382
mae: 1.0979546308517456
