mse: 3.0267646312713623
mae: 1.0890130996704102
