mse: 3.0619375705718994
mae: 1.1005074977874756
