mse: 3.0026674270629883
mae: 1.080079197883606
