mse: 3.0377984046936035
mae: 1.0921071767807007
