mse: 0.41998133063316345
mae: 0.4176352322101593
