mse: 0.49335262179374695
nan_count: 0
mae: 0.4437794089317322
nan_count: 0
