mse: 0.489724725484848
nan_count: 0
mae: 0.4446520507335663
nan_count: 0
