mse: 0.4974990487098694
nan_count: 0
mae: 0.4456248879432678
nan_count: 0
