mse: 0.9468814730644226
mae: 0.7474746704101562
