mse: 383.3385314941406
mae: 3.131835699081421
