mse: 383.93792724609375
mae: 3.1938729286193848
